0.054389
0.0101107
0.00126446
0.0839506
0.0285607
0.0114315
-0.0357293
-0.0129993
0.0595195
0.0911322
0.0125443
-0.00572664
0.0392284
-0.0289762
0.0241364
-0.0498156
-0.0063941
0.0813649
0.011514
-0.0217182
-0.00968566
0.0675471
0.0706604
0.00461211
-0.0581139
-0.036567
-0.0061278
0.0354601
-0.0149562
-0.0305156
0.0620039
0.0208717
0.0152802
-0.0393188
-0.0242683
0.0160979
0.0550087
-0.00187004
-0.00667616
0.0267362
-0.0101716
0.0412629
-0.0197979
-0.0119546
0.067335
0.02244
0.00314581
0.0165143
0.0602674
-0.00180652
0.0268303
0.0285918
0.029594
0.046308
0.0178896
-0.0416358
-0.0387745
0.0327934
0.0206318
0.0219148
-0.0381694
-0.0304012
0.0167454
-0.0109995
-0.0333732
-0.0358951
0.0211603
0.0403619
0.0209929
-0.0121361
-0.0101055
0.00839674
0.0136341
-0.00476107
0.0213641
0.0540082
-0.0356386
0.0558473
0.0521743
0.0590594
0.0405385
0.0372338
-0.00895405
0.0115444
0.0119899
-0.0676906
0.0605596
0.0334495
0.0546112
0.0604453
-0.0377821
-0.04466
-0.0308416
0.0251665
0.03761
0.0520783
0.0231579
0.0378409
0.00578882
-0.0111268
-0.0609806
-0.0158445
-0.00690578
0.00728095
0.0455376
0.0222827
0.043879
0.00857888
0.0336436
0.0245819
0.0237705
0.0128125
-0.0456701
0.0495015
0.00667606
0.016721
0.0320872
-0.015787
-0.00113998
-0.0282761
-0.0253411
-0.0846273
0.00564704
-0.017758
0.0136181
-0.0105149
-0.00664575
0.00102385
0.00700838
-0.00595404
0.0277906
0.0461483
0.0253274
0.0357327
-0.0019653
-0.0238806
-0.0437256
-0.035462
-0.0397158
-0.0115517
0.00332297
-0.0119313
-0.00572279
-0.0309106
-0.0228568
0.0283087
0.0142521
0.0148088
-0.0345335
0.0270719
0.0117456
0.0404163
-0.026231
-0.01923
-0.0357028
-0.0322352
-0.00727786
-0.00980625
0.00530524
-0.0169078
-0.00724819
-0.0105335
-0.0127752
0.0149788
0.00242734
-0.0124559
0.0432937
0.0347651
0.0236776
0.0443446
-0.010506
-0.0399361
-0.0298312
-0.0246169
-0.0381072
0.0375833
0.0146297
-0.0077739
0.00597243
-0.0175277
-0.0261933
-0.0519193
-0.0299502
0.0254785
-0.00434206
0.0140832
-0.0137879
0.00272284
0.011719
-0.0247437
-0.0529231
-0.0367007
0.0104336
-0.0336462
-0.0263392
-0.0535746
-0.0216715
0.00479484
-0.00770263
0.00823611
-0.0180757
0.0139744
0.0402411
0.0201235
-0.0279543
0.00114303
-0.019863
-0.0033797
0.0222843
-0.0199551
0.0334023
0.0442537
-0.00850587
-0.0700054
-0.0309965
-0.0255613
-0.0175825
-0.00911691
-0.010927
0.0392022
-0.00811415
-0.0113733
-0.0294219
0.00430224
0.0018753
-0.0416628
-0.00225116
-0.0270707
0.0237437
-0.0387547
-0.0216677
-0.0511214
-4.05716e-05
-0.0251225
0.0126769
0.0211278
-0.00054225
0.0450335
0.0810328
0.0148478
-0.0340765
0.0215047
0.00339036
-0.0225794
-0.0107317
-0.0171179
0.012979
0.0311267
-0.000898599
-0.0506049
0.0157333
-0.00269037
-0.0377926
0.00124431
-0.0387022
0.0186529
-0.0164543
0.01139
-0.0249258
0.0386577
-0.00112131
-0.0550834
-0.0259253
-0.0331613
0.0216486
-0.0199587
0.0167597
-0.00874966
0.0167524
-0.0209463
-0.00984214
-0.00274695
-0.0222082
0.00791172
0.0135581
0.00318383
-0.00508173
0.067412
0.0155645
-0.0188596
-0.0244017
-0.0536064
-0.0170851
-0.0115226
-0.0109507
-0.00833649
0.0321528
-0.0101532
-0.0630821
-0.014646
0.0209978
0.0891185
0.0115149
0.0422364
0.000556472
0.00710484
-0.0347679
-0.0412112
0.00580101
-0.0142005
0.031517
-0.0127819
-0.00159645
-0.0227652
-0.0130483
-0.0404238
-0.0265488
-0.00410799
0.0031537
0.0320688
0.0234773
0.0299131
0.00240138
0.0221728
-0.0149202
-0.0532568
-0.0102297
-0.0274398
0.00126254
0.0275825
-0.00906897
-0.0333201
-0.0196988
-0.0447101
-0.00894942
-0.000174076
-0.0162268
0.0209405
-0.0292659
-0.00468155
-0.0236438
0.0172811
0.00116837
-0.0224718
-0.0458973
-0.0535892
-0.0114663
-0.047831
-0.0048746
-0.0586344
-0.0046649
-0.02378
0.0150423
-0.00252089
-0.0195116
0.0303594
0.00649887
0.0025958
-0.00871504
0.0394637
-0.0039321
0.0189723
-0.0138929
-0.0401345
0.0174287
-0.00257764
-0.0192607
-0.0313135
0.0167774
0.00918211
-0.0529643
-0.0303031
-0.0193639
0.015693
-0.0366403
-0.0133199
-0.044872
-0.00827042
-0.0411057
-0.0304454
-0.0303875
-0.00228712
0.0303865
-0.0353509
-0.0199664
-0.0276625
-0.0156558
-0.0341679
-0.0397868
-0.0124681
0.0102307
0.0234134
0.0189414
0.00825706
-0.00879232
0.0115725
-0.0247369
-0.0400973
-0.0257561
0.00984579
0.0314185
0.0457137
-0.00251328
-0.000279563
0.00143259
-0.0380959
-0.0360262
-0.0224694
-0.00818337
0.0408524
-0.0219993
-0.0224248
-0.0288266
0.00498964
-0.0207283
-0.0405883
-0.0260381
-0.0230303
-0.00774363
-0.0527413
-0.00771816
-0.0216963
0.0142071
-0.00659619
-0.0230062
-0.03373
-0.0102835
0.0440749
0.0707094
0.00748983
-0.00700785
-0.0163455
-0.0112936
-0.0253934
-0.035602
-0.0131965
0.027748
0.0238278
0.00741538
-0.00322535
-0.00874594
-0.000493024
-0.0287619
0.00466436
0.00895808
0.0330517
-0.0306942
-0.00309936
-0.00842458
0.0156824
-0.0198148
-0.0701771
-0.0286366
-0.0285314
0.00153538
-0.0425342
-0.0424035
-0.0116402
-0.0140738
-0.0548605
-0.000703773
0.0227419
0.0311627
0.0482374
0.0394593
0.0406567
0.0344209
0.0209039
-0.00145162
-0.00680694
-0.0142785
0.000114132
-7.14503e-05
0.0105688
-0.00415476
0.0392992
-0.0110441
-0.0127006
-0.013994
0.0138911
0.00827353
0.0259438
-0.0273439
-0.0213414
-0.0139411
0.0141599
-0.00644551
-0.00805511
-0.00460556
0.000786125
0.00742699
-0.0340376
-0.0120059
-0.047007
-0.0329818
-0.0257215
0.0115661
0.0209034
0.0227313
0.0221113
0.0171028
-0.00892777
0.0161011
0.00394787
0.0254635
-0.00814203
-0.0158815
-0.00498731
0.00148796
-0.011833
-0.0459442
-0.0597569
-0.0447629
-0.00278673
0.04307
-0.00255526
0.0119348
0.0453655
-0.0748404
0.000971328
-0.0219092
-0.0179933
0.0411432
0.0261424
-0.0126084
0.0291439
0.0375926
-0.0796269
-0.00207041
0.0129203
-0.000245057
0.0295282
0.0253768
-0.0518511
-0.0168612
0.0224051
-0.0529791
-0.0189024
-0.0221333
-0.0288925
0.0249822
-0.0121887
-0.0535845
-0.0243505
-0.0079426
-0.0471485
-0.0131126
-0.00766651
-0.0326135
-0.0121698
0.0425688
-0.0289391
-0.00837662
0.04603
0.0767576
0.0185564
-0.0371442
-0.0409051
0.00367521
0.0602974
-0.0200628
-0.0166854
0.0417549
0.043476
0.00532547
-0.012548
-0.0139222
0.0327053
0.00477132
-0.0465965
-0.048426
0.0318682
0.0395066
0.0252453
-0.0112284
-0.0190853
0.00077721
0.038193
-0.0194552
-0.0172948
0.0129236
0.0343187
0.0129223
-0.0197539
-0.00885858
0.0331353
0.0388657
-0.0368183
-0.0373195
-0.00857932
-0.00424359
-0.00144159
-0.0421745
-0.0184647
0.0535961
0.0279934
-0.0264101
-0.0565971
-0.0224885
0.0126501
0.0133342
-0.00755287
-0.00541229
0.0422187
0.0282157
-0.0193949
0.0161799
0.00719208
0.0213878
0.0118955
-0.0475162
-0.0557756
0.0140095
0.0753574
0.0127188
0.0161033
0.017758
0.00911383
0.00343638
-0.0461349
-0.0421275
0.0354185
-0.0265518
-0.0315028
-0.0372478
0.00983325
0.0115551
0.0330224
0.00926178
-0.0171326
-0.000581091
-0.0150285
-0.0174077
-0.0025733
0.00464188
-0.00773944
0.0274251
0.0352178
0.0219494
-0.00178258
0.0224322
-0.0109442
-0.0182516
0.00199032
-0.00656049
0.0248903
0.000874735
0.00766167
0.0249621
-0.0189411
0.000411995
0.0339078
0.0378935
0.00626184
0.0153066
0.0257954
0.0455705
0.0197454
-0.0458275
0.00962187
0.00847017
-0.0134058
-0.00417683
0.0176824
0.0130873
0.012647
-0.0428436
-0.0249701
0.0184875
-0.0281873
-0.0801014
-0.0282829
-0.0133961
-0.0395772
-0.0324112
-0.0638154
-0.0371933
0.0843126
0.124337
0.0747743
0.00996033
0.000917575
0.0148869
0.0193429
-0.0424153
0.0019233
0.108244
0.0704977
-0.0214099
-0.0388458
-0.0423952
-0.0579801
-0.0552291
-0.0578557
0.0431323
0.0799722
-0.0172415
-0.0519678
-0.00347467
0.00520201
-0.0246807
-0.0166517
-0.0191904
0.0176973
0.0410892
-0.0564193
-0.0980597
-0.0234876
-0.0223064
-0.042115
0.00202641
-0.0175027
0.0712896
0.141175
0.0184851
-0.0341687
-0.0329259
0.00313113
-0.0238393
-0.0115519
-0.0246878
0.0694107
0.091059
-0.0614484
-0.0654152
-0.0386538
-0.0208049
-0.0319936
-0.00177978
-0.00911171
0.0160001
0.0676029
-0.026608
-0.0375298
0.00305718
-0.00486843
-0.0167045
0.0282684
0.0137313
0.0120281
0.0430762
-0.0278333
-0.0196545
0.00740459
-0.0327418
-0.0405846
0.00669936
-0.0087551
0.0435659
0.103705
-0.0232845
-0.0397096
-0.029772
-0.00711344
-0.00697939
0.0183045
-0.0129504
0.0109926
0.056082
-0.0387087
-0.0558781
-0.0470516
-0.0618655
-0.0244517
-0.0256605
-0.0173634
0.0081749
0.0288217
-0.00782172
0.00746945
0.022572
-0.00654925
-0.0391394
0.028187
0.000227728
-0.0197476
-0.000380719
0.00114581
0.0002304
7.20341e-05
-0.0206125
-0.0370331
0.00850092
-0.0116132
0.0330733
0.0891921
-0.0124035
-0.0100468
0.00505714
0.000472899
-0.0197695
0.0126568
-0.000722812
0.0320629
0.0348886
-0.0166949
-0.0155009
-0.0168648
-0.00629797
-0.0177039
0.016158
-0.00511024
0.0157037
0.0119795
-0.0133008
-0.00690653
-0.0223873
-0.0406073
-0.0293289
0.0321555
0.0234734
0.0103085
0.005616
-0.0538505
-0.0379715
-0.0394284
-0.0388461
-0.0185592
0.0146039
-0.00444365
0.0877008
0.0443515
-0.00837913
-0.00190586
-0.0341935
-0.0163653
-0.0114818
0.022703
0.0189627
0.0586669
0.0335667
-0.0353861
-0.00811704
-0.00507182
0.0192759
0.00290922
0.0120233
0.0450346
-0.0345168
0.00595275
-0.0209504
0.000344954
0.0159924
0.016088
-0.0252111
0.0103316
-0.0230796
-0.0350266
0.00102784
-0.0264482
0.00016346
0.0334127
-0.00718681
-0.049878
-0.0191528
-0.0607961
0.00379624
0.0339365
-0.0300931
0.0138838
0.0300577
0.0667888
0.0356104
0.0329224
0.0148203
0.0135896
0.00299662
-0.0245613
-0.00265254
0.0406821
0.0346461
-0.0148105
0.00109043
-0.015819
-0.01534
0.00309603
-0.0380165
0.00436381
0.0122654
-0.00296953
-0.0297335
-0.00232666
-0.0541509
-0.0208443
-0.0172524
-0.0374199
-0.00273355
-0.00655517
-0.0193829
-0.038968
-0.0174882
-0.0443856
0.028151
0.0420047
-0.0184582
0.000937548
0.0309949
0.0180806
-0.0317546
-0.00572221
-0.0198205
-0.00263846
0.00408682
-0.0118144
0.00649366
0.0281157
-0.0127793
-0.048692
-0.0356062
-0.0123714
-0.0523833
-0.00124748
-0.0183337
-0.00297586
0.00202704
-0.000595922
-0.0252349
-0.00103362
-0.0664477
-0.0543243
-0.0271892
-0.0137445
0.0177302
0.00702928
-0.0130766
-0.0123324
-0.0223827
-0.0570592
-0.0098624
-0.00938728
-0.00820855
0.0140406
0.0458245
0.0166037
-0.0118669
0.00163221
-0.0208444
0.0158678
0.00979956
-0.0201374
0.020225
0.0694348
0.0176649
-0.00709918
0.00750764
0.00756124
-0.0272269
-0.0265101
-0.00274402
0.0192153
0.0171523
-0.0293797
-0.0272642
-0.0324778
-0.0348862
-0.0306426
-0.00661745
-0.00120432
0.00150821
-0.0335972
-0.0376794
-0.0228498
-0.0221119
-0.0523195
0.0239559
0.0345061
0.0077204
0.00275124
0.0322906
-0.00494686
-0.0385623
-0.0180324
-0.0273713
0.030652
0.046679
0.0429328
0.0212976
0.0162687
-0.00405509
-0.00196559
-0.00229911
-0.00846228
-0.0484192
0.0140082
0.0128685
0.0127331
0.00595088
0.00830618
0.026784
0.0283684
-0.0351718
-0.0611069
-0.0466963
-0.0244349
-0.0463859
-0.041549
-0.0218453
0.0068697
-0.00684754
-0.0462402
0.0113718
0.0692329
0.0655213
0.047721
0.0619892
0.0550735
0.04637
0.042336
0.00393367
-0.0365599
0.0170573
0.0290412
0.0155777
0.0391544
0.0333972
0.0495137
0.0549589
-0.0314033
-0.0120301
-0.0128823
0.00847584
-0.0089833
0.0209818
0.0303819
0.0500772
0.0250746
0.0157949
-0.0388483
-0.0304265
-0.0195924
-0.0236751
-0.0378909
-0.05178
-0.0342503
-0.039027
-0.0130083
-0.0152945
0.0237561
0.0300095
0.0572691
0.0764404
0.0871559
0.0945205
0.0661235
-0.00913703
-0.0560535
-0.0437791
-0.0185583
-0.0140095
0.000710175
-0.00460325
-0.00491548
-0.0198298
-0.038338
0.0230632
-0.0146757
0.0164725
0.0495905
-0.0297854
-0.00382324
0.00119886
-0.00585712
0.0469218
-0.0121993
-0.0211502
0.0063861
0.0354159
0.000219667
0.0176258
-0.0111122
-0.00535102
-0.00560763
0.0293977
-0.0132594
0.00416605
0.02225
-0.0439406
-0.00855801
0.0076902
-0.0160231
0.0287276
-0.0185524
-0.0240331
0.000905923
0.0300244
-0.0221821
-0.00484254
-0.0105164
-0.0453486
-0.0443271
0.00252243
-0.0312061
-0.0186891
0.0423146
0.0452474
-0.00124902
-0.0167587
-0.0208348
0.00472065
0.0458588
-0.0148531
-0.00338687
0.0508698
0.0321025
0.00829126
-0.0468523
-0.0270232
0.0382276
0.0337429
-0.0297063
-0.0265801
0.0247637
0.0394071
0.00141869
-0.0513593
-0.042279
0.0305989
0.0473903
-0.00877569
0.00116165
0.0899917
0.0340578
0.0522442
-0.0519987
-0.0508413
0.055393
-0.030317
-0.0267532
0.0126616
0.0243639
-0.0139657
-0.0565541
-0.0800829
-0.0833798
-0.0528311
0.0684717
0.0679718
0.0637843
0.0414374
-0.0180918
-0.0516976
-0.035909
-0.0177057
0.0184658
-0.0200242
0.0394149
0.114472
0.168182
0.0719332
0.0291546
-0.07156
-0.100895
-0.069123
0.119222
0.173338
0.18315
0.164601
0.0511339
0.00645356
-0.0278226
-0.000814167
0.0603642
0.0331266
0.00922406
-0.0150932
-0.0470227
-0.0871237
-0.0751323
-0.0304905
0.0423223
0.0471861
-0.0278848
0.0099812
0.0551928
0.014672
-0.0609921
-0.0639211
0.00714295
0.0919119
0.0210122
0.115144
0.128209
0.0793268
0.0277675
-0.0523481
-0.0679613
-6.73412e-05
0.0982195
0.131785
0.031245
0.0879129
0.119898
0.0780797
-0.0219251
-0.0281787
0.0649634
0.142633
0.0775088
-0.042386
0.173721
0.227825
0.133408
-0.00187851
-0.0330148
-0.00854877
0.0317678
-0.0667476
-0.0244421
0.144013
0.122425
-0.0124439
-0.0921608
-0.105645
-0.0989266
-0.0860652
-0.125349
-0.0669932
0.149884
0.245461
0.16091
0.0195585
0.0324115
0.0832543
0.0769815
-0.034099
-0.132208
0.0468981
0.0927108
-0.00970167
-0.0994037
-0.0762967
-0.0295988
-0.0643531
-0.162407
0.101999
0.196635
0.0900134
0.0180446
-0.00590183
-0.00779213
-0.000749113
0.0327009
-0.00488241
0.0654289
0.085568
-0.0460252
-0.0562069
-0.0521607
-0.0101036
-0.00666378
0.0176072
0.0229339
-0.0211909
0.0678251
0.0596778
-0.0413918
-0.065587
-0.0177864
0.0131644
0.0124329
-0.0688891
-0.0114583
-0.00154844
-0.049448
-0.098209
-0.121168
-0.0748599
-0.033965
-0.0202011
-0.0204519
0.0687365
0.118993
-0.0222225
-0.0416335
-0.0602176
-0.00591121
0.0169831
0.062155
0.0717487
0.076138
0.110321
-0.0165297
-0.045182
-0.0508722
-0.0357011
-0.0031442
0.0295007
0.0502826
0.000728497
0.0301663
-0.0335186
-0.0544001
-0.0961941
-0.0535561
-0.0244278
0.011434
-0.00465325
-0.00637121
-0.0165785
-0.0689246
-0.0780212
-0.0701767
-0.0577978
-0.0267539
-0.00972736
-0.0347676
0.0647976
0.116941
0.00631592
-0.00287599
-0.0279062
0.0116384
0.0130063
0.0339355
0.0511658
0.0878005
0.0846913
-0.00922965
-0.0244101
-0.0193858
0.00998564
0.0248857
0.0508017
0.0481773
-0.0403927
-0.0222088
-0.0591117
-0.0215307
-0.0256444
-0.0122296
0.0225776
-0.0124363
-0.0646603
-0.0359709
-0.0295601
-0.0565294
-0.0355551
-0.0126708
0.00973669
0.00077181
0.000455523
-0.0313938
0.116014
0.0935511
0.00999072
-0.0296544
-0.0159797
0.0104245
0.000932028
0.0554712
0.088691
0.099269
0.0692635
-0.0237346
-0.0501244
-0.00447743
0.0183029
0.00257559
0.0702375
0.0946102
-0.0371157
-0.00946958
-0.0475966
-0.0436329
-0.0160034
0.0250675
-0.0113102
-0.00995231
-0.0492011
-0.0494826
-0.035572
-0.0715045
-0.0688836
-0.0207134
-0.0114608
-0.0343091
-0.0097915
-0.0213807
0.0893408
0.0570735
-0.0494027
-0.0441071
-0.00974544
0.0389726
0.0312038
0.0785399
0.098063
0.0610984
0.0408464
-0.0582462
-0.0439634
0.016342
0.0214782
0.0111254
0.0274301
0.0471953
-0.0336727
-0.0145608
-0.0915294
-0.0901042
-0.0657344
-0.0160908
-0.0163406
0.0189216
-0.000628443
0.0282254
-0.00369294
-0.0925957
-0.0740829
-0.0267865
-0.0274376
-0.0610234
-0.00344975
0.0345786
0.0554323
0.0394275
-0.0384562
-0.0331883
-0.0177233
-0.0265576
-0.0191508
0.00997426
0.0286721
0.0408871
0.0355038
-0.0394327
-0.0456217
-0.027494
-0.0487374
-0.0461874
-0.0160695
0.0192694
0.0658507
0.0235424
-0.0707489
-0.0727575
-0.0464484
-0.0546069
-0.0409017
-0.00390228
0.0231994
0.0840582
0.0491562
-0.0246218
-0.0799689
-0.0707999
-0.0803405
-0.0456944
-0.000560033
0.0445134
-0.00113581
0.0256879
-0.046197
-0.0528353
-0.0174804
-0.0265907
-0.0468437
-0.00319845
0.000350512
0.0131172
0.0426338
-0.0348711
-0.0302384
0.0085148
-0.0258171
-0.04676
0.00954997
0.0263878
0.0741086
0.0786814
-0.0388044
-0.0727258
-0.0534485
-0.0625933
-0.0286765
-0.00754894
0.0238468
0.0778794
0.0628068
-0.0442234
-0.0629754
-0.0364955
-0.0415837
-0.0522436
0.00189169
0.0604399
-0.0106609
0.0217787
-0.0245818
-0.0415457
-0.0444123
-0.054632
-0.0879716
-0.0292676
-0.024252
0.0352411
0.0397668
0.00742361
-0.00762544
-0.048413
-0.061837
-0.0559813
-0.00768372
0.00380471
0.0779759
0.0422493
-0.0561337
-0.0844511
-0.0828447
-0.0920811
-0.102149
0.0120836
0.0541879
0.11427
0.0842625
0.0116893
-0.035808
-0.0543113
-0.0726748
-0.0494838
0.0495598
0.0999809
0.00790271
0.0600748
0.0389912
-0.0135502
-0.0243115
-0.0277108
-0.0248854
0.00518937
-0.0122877
-0.0614829
0.000819759
0.00902096
-0.0275008
-0.00785296
-0.035924
-0.0150864
-0.0252512
-0.0775078
0.0786433
0.106585
0.0779441
0.0256792
-0.013214
-0.0283996
0.00289009
0.0642722
0.0729766
0.0435225
0.0729363
0.0727627
0.00677301
0.0581347
0.0342601
0.0286064
0.0452444
0.0169887
-0.0477744
0.00945817
0.033816
0.0611556
0.0988391
0.1031
0.0443227
0.0137524
-0.0245739
-0.10119
-0.0643565
-0.0565988
-0.0583119
-0.0248107
-0.0178852
-0.0647494
-0.0706461
-0.0726595
0.0211854
0.0666222
0.0744791
0.0969508
0.169445
0.176753
0.0935317
0.0646745
0.0351631
-0.0823575
-0.0848909
-0.0719885
-0.0319847
0.0540146
0.0189073
-0.0647835
-0.0764082
-0.043524
0.0134855
0.00187393
0.00360504
0.00898848
-0.0374398
0.0187716
-0.0161523
0.00124636
0.0363678
-0.0276287
-0.0275758
-0.00559217
0.0047903
-0.0131279
0.022812
0.0115417
-0.0255602
-0.0382874
0.0269194
-0.0207003
-0.0208731
0.00684164
-0.0272569
0.0232335
0.0152962
0.0195165
0.0619734
0.00678212
-0.043239
-0.0140478
-0.00219416
-0.026861
0.0070832
0.0379788
0.00404572
-0.00537339
0.0262436
-0.0522874
-0.0585622
-0.00568008
0.0270142
0.00182572
-0.074352
-0.0734447
0.043708
0.0385016
-0.0583957
-0.018963
0.0703255
0.0700726
0.0745861
-0.0444673
-0.0577319
0.0576878
0.0559031
-0.0262632
-0.0622417
-0.00444126
0.0173716
-0.0025981
-0.0664504
-0.0496216
0.0531022
0.0678493
-0.0401734
-0.0469208
0.0435433
0.0635817
0.0805742
-0.0133905
-0.0392022
0.0500516
-0.083986
-0.0478908
0.0556398
0.126262
0.100454
0.0740909
-0.0352605
-0.105823
-0.0875807
0.00209087
0.104367
0.146462
0.158378
0.0820537
0.0707222
0.0196641
-0.023082
-0.0414209
-0.0863924
-0.0920191
-0.0366282
0.0463426
0.0930253
0.145051
0.0556992
-0.0412681
-0.0810835
-0.0430239
-0.00587462
0.0325389
0.077263
0.0840985
0.141021
0.134964
0.0966466
0.00177013
0.054139
0.114743
0.0879649
0.0511707
-0.0165345
-0.00937401
0.0160607
0.0655862
0.0687936
-0.0245133
0.0427994
0.117883
0.0494883
-0.000808001
0.00617417
0.0815177
0.0745244
0.0186707
0.0388541
0.0724331
0.0417541
0.00986596
-0.024873
0.0390497
0.0760093
0.113333
0.0597662
-0.00991204
0.0953303
0.109089
0.0102945
0.0017054
0.0560214
0.11512
0.0323398
-0.0291344
-0.0951131
0.0938242
0.200372
0.15172
0.0765926
0.103106
0.138555
0.0742308
-0.0445826
-0.185744
-0.0276626
0.0195201
-0.0136892
-0.0529957
-0.00849929
0.0273044
-0.0274705
-0.164354
-0.0694912
0.0801601
0.137342
0.0964779
0.0705888
0.180066
0.210081
0.0827746
-0.107763
-0.178489
-0.059358
0.000228336
-0.0287201
-0.0496066
0.00452378
0.0186639
-0.0325419
-0.173335
-0.0538619
0.0635504
0.0573341
0.0098294
-0.0278827
0.0302627
0.0613719
0.0487961
-0.0553388
-0.0422214
0.017626
-0.016285
-0.0617161
-0.0878142
-0.0460851
-0.00762509
-0.0119001
-0.0305558
-0.0710569
0.0448393
0.0401817
0.0177029
-0.0474972
-0.00978282
0.0513968
0.0392677
-0.0737096
-0.0455484
0.00832929
-0.0264063
-0.0507868
-0.104241
-0.0827258
-0.0489276
-0.0143857
-0.0281491
-0.0387278
0.00849259
0.00719301
-0.0209453
-0.0472952
0.00677782
0.00812422
0.00946385
-0.000318625
-0.0545995
-0.0234679
-0.0226247
-0.00973764
-0.016312
0.00807872
0.0237515
0.0114178
-0.0353609
-0.00352233
0.0295643
-0.00270835
-0.0267829
-0.059781
-0.02044
-0.0174462
-0.00484499
-0.015189
-0.0322958
0.0147975
0.0152412
-0.000825277
-0.0253363
-0.0075939
-0.0120095
-0.00561459
-0.0307155
-0.109236
-0.00586859
0.0011184
0.0416372
0.0382122
0.0396074
0.0448766
-0.0104408
-0.0947614
-0.136917
-0.038033
-0.00424766
0.0585568
0.0698122
0.0771595
0.0432642
-0.00966588
-0.126764
-0.0784749
0.00295648
0.0390357
0.0504307
0.0439433
0.0328743
0.00897255
0.0091869
-0.0795394
-0.101025
0.00458179
0.0437914
0.0952753
0.0774048
0.0537825
0.00741666
-0.0388849
-0.117712
-0.103759
0.00375712
0.0313774
0.0809293
0.106705
0.115829
0.0431818
0.0194544
-0.112169
-0.109463
-0.0288027
-0.0207846
0.0328071
0.0655053
0.0462182
0.00295869
0.0103482
-0.107615
-0.100535
0.0162333
0.0371164
0.104532
0.100933
0.0814077
0.019964
-0.011725
-0.110306
-0.114251
0.00552798
0.0111785
0.0287015
0.0549243
0.031577
-0.0246466
-0.0178639
-0.0938212
-0.0597821
0.0065584
-0.0265798
-0.00670625
-0.00213346
-0.00176312
-0.0237035
0.0354923
-0.0377335
0.0168613
0.0426056
-0.0303274
-0.0242962
-0.00269779
-0.012289
-0.0135917
0.0412718
0.00879345
-0.0267008
0.0372491
-0.0150317
0.00446498
-0.0203368
-0.0281336
-0.0193671
0.0232422
-0.0441144
0.00525379
0.0387202
-0.0266075
-0.0192519
-0.0147995
-0.0227497
-0.00592434
0.0431233
0.0189391
-0.0102445
0.0384485
-0.0448177
-0.0484067
-0.0560905
-0.0311106
-0.0336487
0.0135989
-0.0126517
0.0539938
0.0981977
0.0227336
-0.0469471
-0.0647576
-0.0530649
-0.0238541
0.0407802
0.0331059
-0.00731233
0.0156913
-0.0581805
-0.0550271
-0.0684589
-0.0311202
-0.0329801
0.0288426
0.0126315
0.0541877
0.0646948
-0.0120868
-0.0401295
-0.0648926
-0.0635811
0.000654887
0.0583493
0.0573405
0.0372562
0.0985922
-0.0183957
-0.0516299
-0.0443528
-0.0529919
-0.0295014
0.0229409
0.00854034
0.0449931
0.0676729
-0.0618079
-0.0548446
-0.049059
-0.047312
-0.051866
0.0494458
0.0312262
0.0326684
0.0316318
-0.033005
-0.0501709
-0.0632659
-0.0853112
-0.030941
0.0621023
0.046194
0.0462615
0.0187419
-0.0514185
-0.0566344
-0.0620038
-0.0750961
-0.0645318
0.0634761
0.0794463
0.0257182
0.0350378
-0.0631793
-0.0875856
-0.0806815
-0.0809479
-0.0816643
0.00987697
0.0554811
0.0969708
0.0762596
0.00411726
-0.0407302
-0.0619873
-0.0691383
-0.0159569
0.0537081
0.0954107
0.0551905
-0.0116545
-0.101891
-0.091489
-0.106371
-0.0980571
-0.0574934
0.0236491
0.0518017
0.116182
0.0518632
-0.0325987
-0.0553624
-0.0655726
-0.073665
-0.00883273
0.0749337
0.10147
0.0278871
0.0525605
0.0263901
-0.00473535
-0.0287263
-0.0305249
-0.0100929
0.0331364
0.0575859
-0.0115096
0.0290409
0.0292282
0.0217324
0.0633443
0.0574751
0.0129212
0.0243461
0.00557587
0.06664
0.044208
-0.0084588
-0.0166917
-0.0224017
-0.0152817
0.010713
0.0497292
0.0409121
0.00384066
0.035314
0.0232425
0.0402621
0.082547
0.0394666
0.0113439
0.0130429
-0.00161741
-0.0145711
0.0331761
0.0488
0.117502
0.181584
0.190343
0.0504474
0.0321821
-0.00229162
-0.121213
-0.113686
-0.0786785
-0.0374074
0.0523165
0.0124978
-0.0523995
-0.0995691
-0.0928974
-0.00238853
0.0350124
0.0609672
0.146171
0.175078
0.140703
0.062863
0.0328851
-0.00957419
-0.112507
-0.0940631
-0.0606117
-0.00490306
0.0477183
0.00213478
-0.0724725
-0.132167
-0.149217
0.00269862
-0.0403355
-0.00560686
0.0251753
-0.0102106
0.0369227
0.0256396
-0.00664892
0.0197513
-0.0103952
-0.0452668
0.000422721
0.0142363
-0.0365346
0.00643051
0.0359022
0.0106774
-0.0109485
0.0094292
-0.0238432
0.021269
0.0462574
0.00296039
0.043101
-0.00366371
-0.0409934
-0.0128691
-0.0169919
-0.0323563
0.0366964
0.0342946
-0.0257692
0.019034
0.0221905
-0.00910976
-0.00846133
0.061715
-0.0130914
-0.0279661
0.0209095
0.019539
0.0197043
-0.0397372
-0.0233486
0.0610752
0.0805804
-0.00776787
-0.037181
0.0403004
0.0372371
0.06973
0.0112002
-0.00954325
0.0664022
-5.90155e-05
-0.0312869
-0.0373886
0.0280551
0.0535247
0.047383
-0.0408052
-0.0381034
0.0231196
0.0323152
-0.0335184
-0.0715291
0.0362004
0.0443753
0.0434212
-0.00129469
-0.0248228
0.0437038
-0.041761
-0.0783818
-0.0566913
0.00830267
0.0725273
0.130374
0.0970574
0.0395939
-0.00277517
0.0417579
-0.00169054
-0.0128977
0.0156747
0.0409508
0.162225
0.177319
0.189417
0.121501
-0.0624507
-0.0919936
-0.101247
-0.0228496
0.0249848
0.0382973
0.0102717
-0.0227979
-0.0222049
0.00527416
-0.0298298
-0.0593045
-0.00332032
-0.0104131
0.0534383
0.0502451
0.0796769
0.0769307
0.0920535
0.0824828
0.0134817
-0.0317152
-0.0358364
0.0136865
0.058998
0.132003
0.135507
0.0871824
0.137552
0.0941981
-0.0339358
-0.031147
0.0686723
0.122326
0.0843779
0.0369538
0.0402633
0.00982624
-0.0361596
-0.0268207
-0.035938
-0.037841
-0.0151589
0.0153603
0.0749555
0.0239092
0.0578314
-0.0085308
-0.042245
-0.0430667
0.00524412
0.0556956
0.0215839
0.0132419
-0.0390459
0.0879786
0.0858433
0.0133329
-0.000168677
0.157609
0.247217
0.15973
-0.0672928
-0.166257
-0.0650465
-0.0537259
-0.0954076
-0.103749
0.00498845
0.0998716
0.0782464
-0.0949082
-0.0610456
0.0301755
-0.00331405
-0.033314
-0.0036589
0.103277
0.228913
0.177682
-0.00455915
-0.109234
-0.0829725
-0.0752087
-0.107429
-0.0793045
-0.0200813
0.148033
0.166054
0.00585375
-0.0820049
0.027967
-0.00145708
-0.0506718
-0.100174
-0.0602796
0.032402
0.0770444
-0.0157536
-0.0310493
0.0206177
-0.0435808
-0.0661678
-0.124396
-0.105096
-0.0850228
-0.000198138
-0.0178598
-0.00113729
0.0201625
0.00947353
-0.0248452
-0.00612643
0.00443838
0.110139
0.208441
0.102231
0.0214512
0.0219523
-0.0204275
-0.00898131
-0.0435053
-0.0425918
-0.0424579
0.0979952
0.052938
-0.0131037
0.0278943
-0.0410587
-0.0572123
-0.125203
-0.0806176
-0.0718739
0.0222279
0.00759546
-0.0135101
0.0229389
-0.00827114
-0.0375407
-0.11243
-0.0861964
-0.0723883
0.00464221
-0.00260537
0.0645201
0.0528461
-0.00726077
-0.0114014
-0.0706386
-0.0442258
-0.0314192
0.110901
0.0546513
0.0614104
0.0631467
0.0202501
-0.0455011
-0.0811622
-0.0567581
-0.0212647
0.107028
0.0751305
-0.0321153
0.0122861
0.0218415
0.0117033
-0.0412698
-0.0271866
-0.0352829
0.0163531
-0.0209912
-0.0395793
-0.0189126
-0.0287688
-0.00393829
-0.0184147
-0.044269
-0.0396427
-0.0256326
-0.0523268
0.0627964
0.0437925
0.00885133
-0.0289076
-0.0541365
-0.0270185
0.00570013
0.121325
0.0719014
0.0242422
0.0211164
0.0113656
-0.0238573
-0.0190094
-0.0369056
-0.00107458
0.102644
0.0860293
-0.0482751
-0.00499376
-0.0218333
0.0120942
-0.0356458
-0.0320773
-0.0283709
0.0061171
-0.0424733
-0.0305608
0.00471364
-0.0264256
-0.0164075
-0.0392399
-0.0555474
-0.0493678
-0.0180151
-0.0368111
0.0578376
0.0491569
0.00827194
0.0110432
-0.0150348
-0.0319927
0.0201407
0.0994617
0.105212
0.0900191
0.0758737
0.0143999
0.0201971
0.015837
-0.0306805
-0.0183798
0.0626587
0.103326
0.00487544
0.0213006
-0.0258442
-0.0222588
-0.0720362
-0.0854332
-0.0693653
-0.00688904
-0.0341167
0.0222186
0.0072292
-0.0825767
-0.04594
-0.0497068
-0.0666367
-0.0705613
-0.00242421
0.00807487
0.0883232
0.0906661
0.0232854
0.0309728
0.00392434
-0.0477491
-0.048132
0.0483003
0.0882771
0.0407247
0.0624827
-0.0254151
-0.00401773
0.0148615
-0.0565785
-0.0617155
0.0406177
0.0720433
0.016063
0.0101905
-0.0775937
-0.0619323
-0.0724302
-0.0382845
-0.0461954
0.0375317
0.0523663
0.0349771
0.015344
-0.0598151
-0.0810705
-0.0952927
-0.0714129
-0.0125778
0.0632983
0.0593931
0.0275746
0.00763107
-0.0704455
-0.0342635
-0.0187961
-0.0213844
-0.0506048
0.0347509
0.0712462
0.0476806
-0.00284314
-0.0765784
-0.0577644
-0.0168007
-0.0432465
-0.0305005
0.0453988
0.0521535
0.00379496
-0.003242
-0.0434695
-0.0578457
-0.0756854
-0.0805607
-0.0257423
0.0795322
0.0452506
0.058302
0.00278034
-0.0495876
-0.0414994
-0.0568469
-0.0652057
-0.0604414
0.0823813
0.0680508
-0.0122993
-0.00765072
-0.0607719
-0.0161546
-0.0067426
-0.0457381
-0.0328403
0.0186127
-0.000474094
0.00440097
-0.0271481
-0.0528106
-0.00399682
0.019035
-0.00575253
-0.0518282
0.0320131
0.00873044
0.0599386
0.018208
-0.0688052
-0.0627513
-0.0933888
-0.0722875
-0.0389436
0.0648321
0.0866511
0.119197
0.0387107
-0.03924
-0.0591115
-0.0612975
-0.0536792
0.0188237
0.104388
0.130372
-0.0233503
-0.04774
-0.0781351
-0.0475108
-0.0349867
-0.0153204
-0.0172184
0.0355302
-0.00766524
0.00692242
-0.0207729
-0.0509845
-0.0431762
-0.0368085
-0.0236067
-0.0171758
0.0380023
0.0462882
0.0714204
0.0682397
0.0145516
-0.0124114
0.0013718
0.0167952
0.0606594
0.113402
0.0938985
0.00789179
0.0715646
0.0437077
0.0343455
0.0686626
0.0448942
0.0685615
0.0478148
0.0258927
0.0033285
0.00541905
-0.019333
0.00505343
0.00667222
0.00126863
0.02641
0.0473121
0.0271728
-0.0549273
-0.00454704
0.0119918
0.028371
0.0402137
-0.00588271
-0.000810909
-0.0348486
-0.046031
0.0370339
0.0689263
0.0992066
0.15085
0.168745
0.140192
0.084923
0.0608446
0.0174945
-0.0524295
-0.0591332
-0.0468659
0.0142882
0.0324154
-0.0262744
-0.0633037
-0.0898345
-0.0916328
0.0105001
0.02602
0.0733971
0.106433
0.106185
0.0876515
0.0366814
-0.00617812
-0.00513401
-0.0464089
-0.0903227
-0.0558233
-0.00470417
-0.0136819
-0.0573333
-0.0692688
-0.0930514
-0.0614675
0.00693321
-0.0224026
-0.00152096
0.0439192
-0.028121
0.00535743
-0.0273195
-0.0396319
2.80992e-05
-0.0307519
-0.0155636
0.0313662
0.0461714
-0.0324004
0.0157596
0.0265623
-0.024507
-0.0210646
0.028477
-0.030548
-0.0220601
0.0300489
-0.0114036
0.0199743
0.00528914
-0.0268061
0.0368851
-0.0278866
-0.0208662
0.0281649
0.0176986
-0.0206102
0.028291
0.0275875
-0.0223932
-0.00289069
-0.00452823
-0.0386568
-0.0460394
0.0391861
0.0366874
0.0148985
-0.054928
-0.0546513
0.023514
0.0252853
-0.0240409
-0.0531757
0.0217525
0.0193986
-0.0074222
-0.0263569
-0.0374092
0.0598622
0.0185055
-0.0241003
-0.0540227
0.0274848
0.0714825
0.0541446
-0.0271674
-0.0188208
0.04524
0.0663237
0.0206948
-0.0128416
0.0492897
0.0607001
0.0366829
-0.0329397
-0.01614
0.0787793
-0.00814766
-0.0520207
-0.0447461
0.0245317
0.0359549
-0.00713442
-0.00381112
-0.0272227
0.00883798
0.023654
-0.0408905
-0.0364833
0.0334941
-0.00744892
0.0115547
-0.00165259
-0.00284788
0.0658306
0.058529
0.00539197
-0.0279399
0.0463435
0.0458724
0.00090192
-0.0443946
-0.0378441
0.0309181
0.0427202
-0.0111429
0.0084382
0.0508564
0.0279201
0.00685053
-0.040975
-0.0241954
0.0289174
0.0217173
-0.0088044
-0.00132934
0.0392339
0.005355
-0.00695734
-0.0155115
-0.0173478
0.0307715
0.0199243
0.0319551
0.00563785
0.00350283
0.0126794
0.000891086
0.0176444
0.00401734
-0.0011617
0.0144286
-0.0195097
0.0235601
0.0364933
0.0229757
0.0143694
-0.0336387
-0.0160825
-0.00349452
0.00491263
0.0227395
0.0227575
0.0128223
0.00150609
-0.00513119
-0.00388044
-0.0129074
-0.00523098
-0.0377845
0.0260276
0.0214524
0.00335211
0.0228234
0.0224965
0.113515
0.105502
-0.0115758
-0.0643608
-0.0427939
-0.0282361
-0.0377081
-0.0396271
-0.0578652
0.0721366
0.125141
0.0118355
-0.0194343
0.0106875
-0.00258683
-0.00361001
0.0115849
-0.0249331
0.0250986
0.00491832
-0.0327958
-0.0523095
-0.0453908
-0.0311254
-0.0278282
-0.031257
-0.0720235
-0.035447
-0.00122492
-0.0367467
-0.0351684
0.00228052
-0.00544462
0.00281483
-0.00552213
-0.053982
0.0274383
0.160588
0.045545
-0.0342745
-0.0120534
-0.0455771
-0.0136147
-0.0356721
-0.058752
-0.0481668
0.101667
0.0311901
-0.0182946
0.00506365
0.00844195
-0.0119009
-0.00375835
-0.0508464
-0.021955
0.0526156
0.022981
-0.00656726
0.0270385
-0.023414
-0.0312202
-0.0205278
-0.0924198
-0.0595
0.00991532
0.0115992
-0.0173025
0.0335247
-0.0115354
-0.00455664
-0.0367062
-0.0246823
-0.0167574
0.102295
0.0094071
-0.0244731
0.00387948
-0.00487244
-0.0481072
-0.0571906
-0.0434187
-0.0209766
0.0606674
-0.00487842
0.025223
0.0366965
-0.0165896
-0.0102264
0.00830559
-0.0381436
-0.025262
0.0301537
0.0177454
-0.0158744
-0.0204691
-0.0512844
-0.0248137
-0.0213623
-0.0179919
-0.0218062
-0.00233118
0.00369618
-0.00578453
0.01678
0.00720852
-0.00460917
0.0024519
0.00546651
0.0232208
0.0973219
0.0303149
-0.00481808
0.0167616
0.0121541
-0.0289037
-0.00781559
-0.0114962
0.0107677
0.0720325
0.0277552
-0.0197293
-0.00159663
-0.0166382
0.0129089
0.0132986
0.0131016
-0.00743557
0.0159648
0.0124429
-0.0147176
0.00348276
-0.0280638
-0.0167679
-0.0277298
-0.0405238
-0.0334718
0.000673021
-0.00905279
0.000691271
0.0379302
0.0109823
-0.000960081
0.000625229
-0.00882478
-7.16044e-05
0.0745211
0.0517133
0.0275547
0.0405106
0.0134554
0.0320246
0.0406077
0.00898921
0.00170958
0.0561578
0.0372649
0.0147882
0.0422507
-0.0369792
-0.0358824
-0.0260177
-0.0160895
-0.0382129
-0.00794078
0.0181999
-0.00671266
0.0422357
-0.0165388
-0.0420763
-0.00336774
-0.0155404
-0.0438806
-0.00212347
0.001231
0.0278986
0.0411867
0.00692365
0.0559774
0.0522857
0.0179714
-0.0124724
0.0439392
0.00606678
-0.00798076
0.0435234
-0.0201507
0.0360496
0.0505222
0.0170616
-0.0231334
0.00495205
0.0111773
-0.0116156
0.0172049
-0.0488306
-0.0120482
0.0050641
0.00475712
-0.032666
-0.00491139
-0.0207544
-0.0416017
-0.0204455
-0.0562785
0.0111959
0.0302054
0.00552543
-0.0211893
-0.0144792
-0.0366648
-0.00416965
0.0218312
-0.0309483
0.0251173
0.0322473
0.0201779
-0.0321145
0.026019
0.0529287
-0.00810579
-0.00844635
-0.0484211
-0.00192943
0.0216991
-0.0036977
-0.0229774
0.0458268
0.0140226
-0.031119
0.00292143
-0.0388008
0.00972084
0.00439099
0.00711296
-0.0316009
-0.0340125
-0.0134264
-0.0366272
-0.028315
-0.0434753
-0.0178539
-0.0123386
-0.0113113
-0.0451932
-0.0260531
-0.025226
-0.040731
0.00401876
-0.0160236
0.0269623
0.0550783
0.0255488
-0.000432835
0.00511322
-0.0223199
-0.0132682
-0.013708
-0.0150771
0.0294445
0.0584761
0.0424205
-0.0176739
0.02063
-0.0205402
-0.0784761
-0.0167948
-0.0344044
0.00407382
0.0125573
-0.00947582
-0.0366794
-0.0172644
-0.0677035
-0.0477909
-0.0165055
-0.0416906
-0.00830569
0.00493345
0.0222462
-0.0382806
-0.0258083
-0.0452656
-0.0218885
-0.00559215
-0.0187412
0.0149432
0.0388136
0.0416525
0.00686831
0.0471166
0.00801015
0.000874366
0.00693503
0.00489778
0.0276505
0.0132201
0.0135723
0.00683042
0.0445393
0.0239757
-0.015881
-0.0122085
-0.0314509
-0.0131392
-0.00820394
0.0245538
-0.0197003
-0.0281933
-0.0205537
-0.0431253
-0.0248967
-0.0331469
-0.0227401
-0.0273104
-0.0239
-0.00619941
-0.0226514
-0.034363
0.0188887
0.0518481
0.0540412
0.08212
0.0655232
0.0523931
0.0561984
0.0543058
0.0272734
-0.00602774
0.0518598
0.0781664
0.0765374
0.0591488
0.0106082
0.0324031
0.0153764
-0.0136272
-0.0380615
1.32426e-05
-0.00315021
0.0070689
0.0128513
0.00669745
0.00409561
0.00109658
-0.036563
-0.0634201
-0.0329799
-0.011697
-0.0060102
-0.00986158
-0.0485859
-0.0270845
-0.0576005
-0.0684981
0.0376444
0.0605615
0.0987536
0.0780734
0.0710947
0.0341948
0.0263637
0.0179588
0.0219168
0.000535078
-0.0269526
-0.000737262
0.00501285
-0.0118789
-0.0426654
-0.0418012
-0.0570632
-0.0244261
0.0313986
0.0164153
0.0385522
0.0264356
0.0100859
-0.0345229
0.013996
-0.032355
-0.00622624
0.0188007
-0.0412437
-0.0366942
-0.0361839
-0.0387975
-0.0508382
-0.0506152
-0.0674521
-0.0193898
0.0382097
-0.022974
-0.0114246
0.015919
-0.0240817
-0.000903137
-0.0140251
-0.040849
0.0227259
-0.0238539
-0.0399282
-0.0047003
-0.0170875
-0.0247395
0.031625
0.0107639
-0.0245534
0.0042362
0.0499074
-0.0228439
-0.0199488
0.0074596
-0.0167795
0.0155459
-0.0289581
-0.0586723
0.0097406
0.00863222
-0.0277822
-0.0116195
-0.0146164
-0.0232244
0.0169592
-0.00603582
-0.0416608
-0.0151749
0.00481638
-0.0343371
-0.0678886
-0.0132018
0.059237
0.0526329
-0.0378133
-0.0348453
0.012773
0.0450346
-0.000190621
-0.0414756
0.0321002
0.0398244
0.0364827
-0.0262103
-0.0194683
0.0323683
0.06482
-0.0123907
-0.0392328
0.0427476
-0.000981047
0.0615569
-0.0341733
-0.028057
0.044178
0.101172
0.00595161
-0.026066
0.0520087
-0.00868624
0.0385877
-0.00919933
0.000526385
0.0863199
0.044931
-0.00657551
-0.0221997
0.0361856
0.0460962
0.0139927
-0.0168671
-0.0390969
0.0218273
0.0334647
-0.0104759
-0.0055073
0.0448122
0.0520018
0.0343984
-0.00556499
-0.0394616
0.00622436
0.0635441
-0.00926124
0.000773569
0.0463907
-0.0306164
0.0137027
0.0152439
0.000263242
0.0304821
0.0515957
0.0289267
0.021929
0.0374526
-0.0371017
0.0381123
0.0203909
-0.0119625
0.0205605
0.0113162
0.0312266
0.0159759
0.041156
0.0326229
0.0207093
0.0005807
-0.0272038
-0.0165127
0.00383438
0.0481303
4.48549e-05
0.0122633
-0.01538
-0.0013059
-0.0179166
-0.0161875
-0.00924125
0.0189653
0.0596292
0.0371933
0.0518184
-0.0585897
0.0326164
0.0170862
-0.0146117
0.00340598
0.0462446
0.087051
0.0409815
0.0446914
-0.0596729
-0.00863545
-0.00569504
-0.000333034
0.0165034
-0.00773408
0.0242019
0.0018122
0.0147827
0.0182214
-0.00148882
-0.00106585
0.001394
-0.0143994
-0.0404145
-0.0203942
-0.0188171
-0.00351829
-0.00828459
-0.0314205
-0.0465818
-0.042011
-0.0506449
0.0203332
0.0470692
0.0226843
0.0628141
-0.0251097
0.0219797
-0.00301146
0.0284949
0.0112603
-0.0458446
0.00393739
-0.0244535
0.0385063
-0.0379813
-0.0167027
-0.0559799
-0.0168283
-0.0539729
0.0106785
0.0535272
0.0333987
0.029846
0.0519568
-0.00029424
-0.0221038
0.00550268
-0.022028
0.00938032
0.0297428
-0.00145438
-0.0197691
0.0258888
-0.0406989
-0.0471942
-0.0371712
-0.0325043
-0.0222606
0.039194
0.0251294
0.050894
-0.0223338
0.0312621
-0.027058
-0.00230088
-0.0271815
0.00847473
-0.00411943
-0.0106997
0.00321674
-0.0374925
-0.00337899
-0.0636432
-0.040137
-0.0240511
-0.00403302
0.025813
-0.016301
0.0101415
0.0588159
0.00337536
-0.0159072
0.00632196
0.0109834
-0.0134683
-0.0265538
-0.0661394
-0.0251991
0.0244511
-0.000510808
-0.0227782
0.00379898
-0.00114789
0.00181513
0.0147008
-0.00644741
0.0240096
-0.00498481
0.0378665
-0.0368527
-0.0368656
-0.00953893
-0.0378012
0.00814733
-0.0277738
-0.00797318
-0.0279636
0.0177929
-0.0298151
-0.0344373
-0.0350002
0.0125034
0.0100123
-0.020915
0.0176502
0.0690406
0.0426778
-0.0174471
0.0251633
0.0209534
0.0122525
-0.00826979
-0.0670214
0.010274
0.00172575
-0.00612654
-0.0610337
0.00113097
-0.0018116
0.00621132
0.0226044
-0.0127364
0.012382
-0.0295589
0.0685836
0.00102838
-0.0100457
-0.00680296
-0.0180258
0.00513938
-0.0561237
0.000905603
-0.0586891
0.0448017
-0.0346919
-0.00314046
-0.031441
0.0335914
0.030853
-0.0345981
0.00777888
-0.00818283
0.0126589
-0.0281808
0.00853534
0.00245671
0.0155532
0.0444782
0.0101409
-0.0237313
-0.0053648
0.00368385
-0.0321747
-0.0122814
-0.00614114
-0.00614339
0.0213422
-0.0227393
0.0350461
-0.0478861
0.0265273
-0.018191
0.0124869
-0.038896
0.00167848
0.0279589
0.0210502
0.0284973
-0.0511793
0.00920633
-0.0179758
-0.00203902
-0.0351772
0.00592574
0.0352861
-0.000857388
-0.000345854
0.0134641
0.0263493
-0.00496558
-0.00957188
-0.0231333
-0.040744
-0.0125561
-0.0383237
0.00959305
0.0262496
0.0328634
0.00576432
-0.0147413
-0.053716
-0.00684135
-0.00367514
0.00346708
0.0199567
-0.0370421
0.0616306
0.013728
0.0032538
-0.0625859
-0.0246875
-0.0183775
-0.0231157
0.032679
-0.0390832
0.0527721
0.000367233
0.00132291
-0.0493688
-0.000499958
0.0270728
-0.0240673
0.00421407
0.00552318
0.0442985
-0.00445229
-0.0258569
-0.0114083
0.0100461
0.0198688
-0.0351365
-0.00795206
0.0049587
0.00246852
-0.0330424
-0.0316495
-0.0208428
0.0174897
0.0228882
-0.0162342
0.028764
-0.0656438
0.0337968
-0.0245057
-0.0166145
-0.0194419
0.0163748
0.0253509
-0.0325968
0.0206238
-0.0571907
-0.00576429
-0.0527373
-0.0413295
-0.0150161
-0.0179852
0.0164562
-0.00712119
0.0226889
0.0369025
0.0239316
0.00689963
-0.0121334
-0.0349724
-0.0281702
-0.00145611
-0.0248013
-0.00946921
0.0472966
0.0516272
0.00575369
-0.01095
-0.0344672
0.00259625
0.00415603
-0.0240754
0.00931779
-0.0353336
0.025298
-0.0134692
-0.0350709
-0.0217199
-0.0264312
-0.0230947
-0.0426
-0.0269621
-0.0591054
0.0262742
-0.0244904
-0.028946
-0.0264811
0.00756631
0.01532
-0.00111797
0.00779421
0.040253
0.0677095
0.00373259
-0.000602144
-0.00363338
0.00356815
-0.00299002
-0.0123017
-0.00520959
0.0153438
0.0131804
0.0224345
-0.0320642
-0.0153216
-0.0140489
0.00597912
-0.0213206
-0.0115251
-0.0678417
0.0351833
-0.0181409
-0.0217676
-0.0450773
-0.0227535
-0.00399399
-0.0345444
-0.00153559
-0.0720151
-0.0247878
-0.0202059
-0.0237927
-0.042018
-0.00499562
0.0279311
0.0198939
0.0449382
0.0592729
0.0368687
0.0467378
0.000526831
-0.00316744
-0.0227286
-0.0148967
0.0169123
0.00951528
0.0334865
0.0103581
0.00842423
-0.00911392
-0.0210061
-0.0378188
0.00983644
-0.0182356
0.0346471
-0.0259239
0.0209769
0.0374826
-0.000814899
-0.0459329
-0.0481393
0.00103663
-0.0181872
-0.00815892
-0.0131755
0.0267833
0.0198202
-0.00253208
-0.0661077
0.0296698
-0.00764899
-0.000316533
0.00944807
0.0248494
0.00875673
0.0342834
0.0235065
0.00659925
0.00881865
-0.0421548
-0.0470535
-0.0138025
-0.0304394
-0.0162552
0.00776812
-0.0269788
-0.0161138
0.0112701
0.0245659
-0.0254589
-0.00802648
-0.0206313
0.0540175
0.0487363
0.0401582
0.002816
-0.00643896
-0.0287239
-0.0262135
-0.000355386
-0.0597832
0.00507557
0.0265695
-0.00188781
-0.0193057
0.015856
-0.0470519
-0.0341947
0.004635
-0.0424304
0.0150521
-0.0099378
-0.047165
0.00343452
-0.00316607
-0.0241025
-0.0050058
-0.00770265
-0.0380418
0.0112048
-0.0112799
-0.0452425
-0.00553452
0.0195322
-0.0288851
-0.0244761
0.00531532
-0.0883003
0.0279701
0.0118559
0.000769479
0.0195645
0.0406569
0.0115828
0.00784607
-0.00418994
-0.103991
0.00723436
0.011477
-0.0317162
0.0157871
-2.13788
