crop001001.png
3
(396,185)
(261,109)(511,705)
(119,385)
(31,326)(209,712)
(219,235)
(148,179)(290,641)
crop001002.png
2
(607,312)
(270,242)(704,901)
(610,263)
(570,174)(959,957)
crop001003.png
2
(388,182)
(293,117)(478,712)
(537,135)
(443,62)(660,711)
crop001004.png
2
(436,201)
(328,135)(510,717)
(543,251)
(467,185)(581,739)
crop001005.png
2
(408,277)
(268,186)(457,941)
(473,227)
(344,133)(635,939)
crop001006.png
2
(507,188)
(374,114)(616,701)
(634,148)
(552,88)(736,688)
crop001007.png
5
(320,290)
(235,236)(399,724)
(459,260)
(380,207)(550,724)
(651,271)
(548,222)(729,739)
(812,330)
(723,279)(925,754)
(950,352)
(889,292)(1097,765)
crop001008.png
2
(238,302)
(212,286)(265,413)
(381,342)
(355,322)(416,443)
crop001009.png
1
(257,187)
(195,154)(297,468)
crop001010.png
1
(344,259)
(153,204)(421,726)
crop001011.png
2
(344,235)
(164,176)(433,784)
(642,229)
(530,167)(760,773)
crop001012.png
1
(411,323)
(311,274)(511,760)
crop001013.png
1
(381,230)
(234,169)(554,853)
crop001014.png
1
(468,351)
(335,306)(510,726)
crop001015.png
1
(339,373)
(241,330)(400,661)
crop001016.png
1
(355,372)
(282,330)(426,696)
crop001017.png
1
(308,329)
(185,254)(437,956)
crop001018.png
1
(380,272)
(197,194)(484,966)
crop001019.png
1
(337,258)
(155,168)(512,948)
crop001020.png
1
(453,339)
(270,264)(470,932)
crop001021.png
1
(532,206)
(319,119)(700,817)
crop001022.png
1
(373,310)
(275,259)(501,759)
crop001023.png
2
(387,295)
(257,218)(512,850)
(635,311)
(605,234)(810,879)
crop001024.png
1
(426,424)
(316,359)(531,968)
crop001025.png
1
(410,360)
(287,297)(509,755)
crop001026.png
3
(400,333)
(295,263)(504,689)
(567,361)
(493,305)(650,659)
(666,361)
(641,340)(691,467)
crop001027.png
1
(431,292)
(205,227)(670,824)
crop001028.png
1
(383,345)
(286,277)(561,929)
crop001029.png
1
(401,359)
(299,307)(506,743)
crop001030.png
2
(377,283)
(306,235)(403,678)
(636,292)
(577,262)(682,605)
crop001031.png
1
(403,290)
(313,250)(456,656)
crop001032.png
1
(421,277)
(322,226)(529,785)
crop001033.png
1
(437,332)
(317,244)(607,956)
crop001034.png
1
(415,294)
(312,240)(475,731)
crop001035.png
1
(321,278)
(226,205)(449,970)
crop001036.png
1
(314,346)
(232,277)(394,733)
crop001037.png
1
(350,254)
(263,196)(448,770)
crop001038.png
4
(737,363)
(679,332)(801,676)
(450,451)
(368,415)(539,641)
(322,386)
(267,357)(383,640)
(231,362)
(161,344)(267,651)
crop001039.png
2
(496,368)
(419,320)(561,788)
(357,370)
(266,304)(408,794)
crop001040.png
1
(299,198)
(222,164)(329,545)
crop001042.png
2
(442,288)
(337,224)(475,868)
(281,242)
(224,192)(315,710)
crop001043.png
1
(281,277)
(145,201)(312,866)
crop001044.png
1
(215,162)
(186,135)(243,325)
crop001045.png
1
(185,190)
(161,172)(204,306)
crop001046.png
1
(222,165)
(163,137)(257,350)
crop001047.png
1
(249,214)
(216,194)(274,376)
crop001048.png
1
(271,236)
(250,207)(362,515)
crop001049.png
1
(195,138)
(172,123)(212,214)
crop001050.png
5
(502,316)
(432,272)(561,765)
(272,338)
(218,296)(363,732)
(223,301)
(199,280)(248,446)
(181,299)
(153,286)(207,443)
(406,338)
(380,320)(434,481)
crop001051.png
2
(300,299)
(214,267)(363,638)
(222,294)
(152,268)(257,495)
crop001052.png
1
(205,205)
(165,171)(246,362)
crop001053.png
1
(308,314)
(209,250)(447,931)
crop001054.png
2
(326,224)
(279,197)(401,466)
(236,236)
(217,223)(255,326)
crop001055.png
1
(156,268)
(111,240)(227,537)
crop001056.png
2
(198,193)
(173,176)(224,306)
(278,195)
(253,179)(304,313)
crop001057.png
1
(283,215)
(246,189)(320,438)
crop001058.png
1
(394,309)
(284,249)(518,905)
crop001059.png
1
(219,303)
(160,243)(395,812)
crop001060.png
1
(310,331)
(165,276)(437,971)
crop001061.png
2
(348,317)
(291,276)(441,678)
(531,380)
(511,363)(561,495)
crop001063.png
4
(301,282)
(198,237)(325,808)
(193,339)
(151,315)(210,537)
(134,326)
(95,292)(153,532)
(332,336)
(310,310)(371,545)
crop001064.png
4
(203,176)
(147,143)(247,476)
(360,223)
(293,182)(403,499)
(493,174)
(439,139)(560,488)
(658,162)
(584,128)(710,510)
crop001066.png
1
(353,236)
(237,178)(420,649)
crop001068.png
1
(319,224)
(204,171)(407,587)
crop001069.png
2
(183,164)
(160,143)(218,296)
(124,148)
(95,130)(153,262)
crop001070.png
1
(315,237)
(232,179)(432,788)
crop001071.png
1
(258,282)
(215,250)(373,652)
crop001072.png
6
(335,304)
(262,253)(421,813)
(469,372)
(403,332)(564,811)
(578,354)
(480,301)(639,808)
(692,326)
(606,278)(719,786)
(763,321)
(681,274)(794,764)
(847,322)
(815,277)(955,765)
crop001073.png
2
(135,264)
(76,211)(241,732)
(271,197)
(239,178)(289,334)
crop001074.png
7
(208,226)
(165,203)(234,420)
(257,229)
(210,207)(292,433)
(309,296)
(281,272)(341,481)
(366,335)
(349,314)(395,466)
(426,237)
(396,206)(467,449)
(476,258)
(433,231)(511,463)
(537,220)
(511,204)(563,333)
crop001075.png
2
(203,307)
(169,285)(230,474)
(267,255)
(214,208)(321,588)
crop001078.png
3
(219,148)
(178,120)(272,362)
(303,159)
(269,132)(345,359)
(389,134)
(368,121)(410,245)
crop001079.png
6
(394,379)
(364,349)(441,575)
(384,222)
(351,200)(411,371)
(232,215)
(164,180)(319,596)
(306,236)
(282,220)(332,361)
(334,220)
(314,205)(356,307)
(452,231)
(436,218)(469,307)
crop001081.png
3
(198,171)
(156,138)(218,358)
(163,64)
(145,50)(172,156)
(217,66)
(202,51)(239,152)
crop001083.png
3
(356,271)
(261,226)(382,673)
(184,258)
(146,236)(217,408)
(88,262)
(55,241)(110,431)
crop001084.png
1
(364,358)
(214,301)(394,973)
crop001085.png
1
(218,249)
(172,213)(260,508)
crop001086.png
2
(321,315)
(210,266)(403,786)
(183,308)
(127,276)(230,647)
crop001087.png
1
(168,276)
(105,247)(223,571)
crop001088.png
1
(281,276)
(230,182)(438,945)
crop001089.png
1
(365,278)
(251,217)(460,828)
crop001090.png
1
(408,301)
(327,259)(501,771)
crop001091.png
1
(378,255)
(286,189)(456,804)
crop001092.png
1
(390,259)
(247,178)(471,896)
crop001093.png
3
(610,260)
(467,190)(664,806)
(421,355)
(296,298)(474,852)
(291,290)
(170,224)(337,792)
crop001094.png
5
(331,299)
(257,250)(374,674)
(474,296)
(405,252)(545,674)
(565,290)
(524,255)(611,494)
(176,298)
(130,278)(207,472)
(624,285)
(579,260)(664,496)
crop001095.png
2
(478,275)
(383,225)(562,750)
(275,235)
(162,156)(376,850)
crop001096.png
1
(239,256)
(192,209)(327,591)
crop001097.png
3
(352,179)
(315,148)(388,375)
(252,170)
(223,144)(292,364)
(501,188)
(473,167)(529,356)
crop001098.png
1
(356,197)
(319,175)(386,383)
crop001099.png
2
(295,282)
(175,226)(414,799)
(109,463)
(61,414)(183,824)
crop001102.png
7
(168,231)
(98,191)(237,572)
(249,204)
(213,182)(279,380)
(393,203)
(339,179)(438,424)
(475,218)
(427,187)(514,423)
(548,210)
(514,186)(587,402)
(612,206)
(582,180)(648,433)
(655,187)
(623,159)(705,430)
crop001103.png
1
(281,225)
(237,194)(317,401)
crop001104.png
3
(276,321)
(198,279)(360,682)
(387,448)
(366,414)(432,670)
(172,293)
(88,235)(247,653)
crop001105.png
1
(258,329)
(199,309)(274,520)
crop001106.png
1
(297,260)
(217,218)(416,664)
crop001107.png
3
(365,255)
(243,200)(491,872)
(601,376)
(515,330)(672,931)
(782,316)
(670,259)(842,846)
crop001108.png
1
(211,197)
(171,177)(288,448)
crop001109.png
1
(259,161)
(222,130)(312,423)
crop001110.png
2
(246,300)
(216,284)(262,476)
(288,307)
(249,287)(325,477)
crop001111.png
1
(250,275)
(214,256)(280,475)
crop001112.png
2
(301,222)
(283,210)(322,310)
(250,219)
(233,204)(273,308)
crop001113.png
3
(299,311)
(217,260)(376,745)
(178,60)
(152,39)(214,212)
(451,83)
(430,64)(481,211)
crop001114.png
3
(511,280)
(438,236)(597,787)
(369,332)
(275,303)(443,710)
(703,291)
(653,246)(834,774)
crop001115.png
2
(255,139)
(236,123)(283,305)
(197,178)
(170,160)(226,304)
crop001116.png
2
(404,179)
(371,157)(438,315)
(201,192)
(179,172)(223,321)
crop001119.png
1
(99,179)
(80,165)(118,265)
crop001120.png
4
(245,172)
(220,153)(275,322)
(294,179)
(264,153)(316,332)
(385,180)
(347,156)(415,325)
(437,198)
(409,180)(467,336)
crop001121.png
3
(219,226)
(194,211)(240,353)
(289,190)
(245,164)(322,362)
(368,182)
(343,160)(419,357)
crop001122.png
2
(303,220)
(267,193)(339,406)
(239,216)
(206,194)(269,401)
crop001123.png
2
(243,177)
(188,142)(290,477)
(301,166)
(269,141)(346,482)
crop001124.png
2
(305,221)
(223,186)(366,554)
(428,252)
(373,221)(474,550)
crop001125.png
2
(190,279)
(129,243)(219,550)
(303,254)
(248,216)(353,550)
crop001126.png
6
(247,210)
(201,181)(308,457)
(345,231)
(311,217)(376,449)
(406,238)
(364,211)(439,439)
(460,237)
(428,210)(491,442)
(508,227)
(478,207)(549,437)
(587,239)
(553,213)(633,437)
crop001127.png
3
(420,199)
(366,175)(459,423)
(318,212)
(283,186)(350,374)
(233,189)
(192,152)(275,468)
crop001128.png
1
(282,270)
(164,212)(451,780)
crop001129.png
1
(168,185)
(90,146)(246,551)
crop001130.png
1
(277,254)
(190,200)(407,883)
crop001131.png
1
(288,283)
(188,244)(427,801)
crop001132.png
1
(312,292)
(200,230)(457,933)
crop001133.png
1
(263,213)
(221,184)(294,402)
crop001134.png
1
(223,204)
(180,174)(292,473)
crop001135.png
1
(176,163)
(148,138)(215,331)
crop001136.png
4
(230,170)
(211,158)(245,270)
(256,184)
(240,163)(275,273)
(306,183)
(290,166)(313,269)
(323,185)
(312,168)(337,270)
crop001137.png
1
(258,242)
(225,204)(328,606)
crop001138.png
2
(308,276)
(230,235)(364,660)
(398,274)
(315,237)(470,692)
crop001140.png
1
(249,253)
(175,222)(292,619)
crop001141.png
4
(478,258)
(421,210)(544,748)
(288,265)
(189,223)(349,738)
(161,259)
(129,240)(184,415)
(671,238)
(591,195)(712,577)
crop001142.png
1
(258,222)
(208,183)(285,480)
crop001143.png
5
(255,154)
(204,120)(282,473)
(181,139)
(131,109)(219,413)
(115,103)
(67,80)(146,320)
(368,200)
(301,163)(397,518)
(458,187)
(425,154)(509,477)
crop001144.png
5
(380,181)
(346,167)(416,374)
(450,176)
(411,159)(487,361)
(348,167)
(316,141)(371,363)
(295,174)
(258,154)(324,350)
(194,177)
(163,152)(214,350)
crop001145.png
2
(298,204)
(256,174)(325,420)
(105,115)
(60,95)(147,306)
crop001146.png
1
(320,256)
(257,218)(411,718)
crop001147.png
1
(214,166)
(154,135)(303,460)
crop001148.png
1
(195,93)
(162,75)(217,200)
crop001149.png
2
(290,231)
(234,189)(354,582)
(163,207)
(122,173)(224,553)
crop001150.png
1
(184,130)
(168,112)(204,239)
crop001151.png
1
(411,315)
(283,241)(477,807)
crop001152.png
1
(393,279)
(265,187)(529,947)
crop001153.png
1
(292,273)
(272,254)(320,406)
crop001154.png
1
(438,248)
(281,161)(619,967)
crop001155.png
1
(365,239)
(247,169)(418,947)
crop001156.png
1
(277,256)
(186,203)(358,785)
crop001158.png
2
(96,115)
(68,90)(127,336)
(174,103)
(143,84)(205,225)
crop001160.png
1
(125,84)
(96,70)(159,174)
crop001162.png
3
(154,117)
(116,90)(191,340)
(228,120)
(192,97)(264,346)
(291,134)
(259,108)(315,286)
crop001163.png
1
(68,124)
(12,94)(113,371)
crop001164.png
8
(211,246)
(166,217)(242,483)
(362,272)
(325,249)(391,463)
(267,269)
(240,248)(288,408)
(485,282)
(387,246)(540,652)
(692,258)
(642,222)(776,605)
(857,235)
(785,205)(925,594)
(554,270)
(523,247)(599,454)
(134,269)
(109,253)(147,355)
crop001200.png
1
(363,256)
(245,191)(435,813)
crop001201.png
1
(304,314)
(236,279)(349,673)
crop001202.png
1
(324,261)
(180,214)(401,818)
crop001205.png
2
(285,182)
(242,160)(342,416)
(396,195)
(316,181)(445,391)
crop001206.png
1
(224,194)
(168,154)(276,550)
crop001207.png
1
(211,131)
(161,105)(241,310)
crop001208.png
3
(208,170)
(175,145)(263,406)
(462,200)
(358,168)(517,618)
(319,145)
(288,126)(356,255)
crop001210.png
1
(224,187)
(154,148)(300,542)
crop001211.png
1
(387,272)
(225,215)(475,810)
crop001212.png
1
(284,264)
(177,208)(391,653)
crop001213.png
1
(307,298)
(155,237)(433,838)
crop001214.png
1
(272,242)
(223,211)(317,479)
crop001216.png
1
(271,148)
(185,104)(346,568)
crop001217.png
3
(251,192)
(147,153)(315,557)
(148,146)
(114,127)(161,270)
(91,142)
(52,124)(107,254)
crop001218.png
1
(175,266)
(104,240)(223,585)
crop001219.png
1
(225,175)
(166,145)(256,454)
crop001220.png
1
(301,227)
(241,193)(339,530)
crop001222.png
2
(313,215)
(257,174)(395,729)
(184,153)
(148,130)(244,325)
crop001230.png
1
(322,230)
(210,191)(362,630)
crop001231.png
1
(301,217)
(196,168)(342,477)
crop001232.png
1
(350,229)
(204,182)(507,849)
crop001234.png
1
(234,210)
(187,173)(320,528)
crop001235.png
1
(345,242)
(171,187)(462,722)
crop001236.png
3
(193,192)
(136,164)(237,466)
(420,193)
(328,162)(474,541)
(529,200)
(470,167)(601,474)
crop001237.png
1
(254,172)
(189,143)(298,448)
crop001238.png
1
(218,171)
(169,139)(262,476)
crop001241.png
1
(281,185)
(216,157)(343,479)
crop001242.png
1
(289,228)
(219,176)(408,791)
crop001246.png
1
(184,207)
(138,176)(281,532)
crop001247.png
1
(304,202)
(193,155)(390,696)
crop001248.png
1
(408,237)
(198,194)(462,729)
crop001250.png
1
(410,168)
(286,116)(545,803)
crop001251.png
1
(328,128)
(220,73)(492,845)
crop001252.png
1
(270,169)
(154,134)(310,488)
crop001253.png
1
(335,228)
(206,167)(388,852)
crop001254.png
1
(132,198)
(42,142)(195,763)
crop001255.png
1
(275,209)
(216,168)(348,546)
crop001256.png
1
(240,180)
(207,149)(333,477)
crop001257.png
1
(238,172)
(186,141)(306,453)
crop001258.png
1
(289,171)
(234,141)(339,506)
crop001259.png
1
(199,180)
(157,138)(370,631)
crop001260.png
2
(269,242)
(195,184)(357,622)
(307,242)
(256,189)(406,605)
crop001263.png
2
(277,193)
(128,152)(303,642)
(147,137)
(115,118)(178,269)
crop001264.png
2
(404,194)
(307,122)(477,787)
(178,228)
(122,156)(322,685)
crop001265.png
4
(293,140)
(258,115)(327,349)
(415,133)
(389,115)(435,292)
(193,136)
(170,117)(223,261)
(251,121)
(224,99)(274,282)
crop001267.png
5
(208,158)
(179,140)(230,340)
(373,168)
(350,150)(406,342)
(534,188)
(511,169)(569,341)
(136,181)
(111,167)(158,322)
(252,173)
(227,156)(275,293)
crop001268.png
5
(242,140)
(206,122)(288,318)
(148,139)
(125,122)(182,267)
(356,141)
(328,127)(389,271)
(435,145)
(392,126)(469,305)
(507,157)
(491,141)(528,293)
crop001270.png
2
(242,189)
(199,158)(326,399)
(393,237)
(310,214)(458,519)
crop001271.png
2
(215,100)
(182,87)(251,288)
(164,124)
(144,104)(182,259)
crop001272.png
1
(206,122)
(149,101)(258,346)
crop001273.png
2
(648,163)
(587,131)(700,475)
(295,151)
(228,109)(354,421)
crop001274.png
1
(234,241)
(179,212)(282,612)
crop001275.png
1
(239,214)
(172,178)(324,531)
crop001276.png
1
(345,225)
(209,171)(430,858)
crop001278.png
1
(65,136)
(44,121)(104,254)
crop001500.png
1
(130,125)
(104,108)(151,232)
crop001503.png
1
(231,161)
(201,141)(256,264)
crop001505.png
5
(796,353)
(769,326)(845,605)
(596,314)
(564,261)(681,807)
(549,373)
(498,338)(594,799)
(366,384)
(338,350)(425,741)
(205,364)
(152,327)(226,628)
crop001506.png
1
(279,229)
(218,183)(355,642)
crop001507.png
3
(530,348)
(437,303)(556,778)
(375,340)
(234,298)(360,752)
(451,283)
(363,235)(486,699)
crop001508.png
2
(456,303)
(425,260)(550,722)
(379,322)
(316,283)(426,681)
crop001509.png
1
(468,322)
(390,278)(535,753)
crop001510.png
1
(299,257)
(215,220)(390,776)
crop001513.png
2
(330,267)
(258,212)(390,563)
(704,240)
(645,210)(771,528)
crop001515.png
2
(232,229)
(196,206)(263,406)
(329,251)
(301,229)(383,503)
crop001516.png
1
(421,257)
(348,208)(497,806)
crop001517.png
2
(332,217)
(222,154)(417,814)
(114,257)
(71,223)(158,471)
crop001518.png
1
(222,274)
(183,231)(270,542)
crop001519.png
1
(346,285)
(227,224)(414,765)
crop001523.png
1
(137,158)
(109,136)(152,292)
crop001524.png
1
(664,248)
(579,205)(744,760)
crop001525.png
3
(488,242)
(456,223)(514,403)
(342,240)
(298,216)(396,570)
(258,246)
(226,223)(293,486)
crop001526.png
3
(567,309)
(499,260)(642,768)
(400,289)
(311,226)(467,767)
(135,225)
(101,209)(161,384)
crop001527.png
4
(286,307)
(239,280)(334,611)
(782,320)
(736,294)(816,545)
(518,344)
(477,315)(573,613)
(386,312)
(352,284)(418,482)
crop001528.png
1
(348,293)
(265,249)(403,762)
crop001529.png
3
(444,233)
(371,184)(509,639)
(529,207)
(504,185)(562,445)
(611,198)
(584,176)(624,371)
crop001530.png
1
(379,192)
(377,180)(447,359)
crop001532.png
2
(624,328)
(517,284)(660,794)
(389,337)
(307,304)(449,734)
crop001534.png
3
(673,278)
(643,259)(705,472)
(387,319)
(295,278)(487,756)
(596,301)
(575,282)(616,412)
crop001536.png
4
(285,337)
(248,317)(319,517)
(402,334)
(385,320)(438,462)
(613,340)
(595,322)(636,459)
(176,341)
(138,315)(223,567)
crop001537.png
1
(448,239)
(433,226)(470,355)
crop001538.png
2
(515,199)
(485,176)(561,407)
(204,253)
(180,214)(338,622)
crop001539.png
1
(295,177)
(255,156)(313,345)
crop001540.png
2
(489,281)
(441,258)(530,543)
(265,270)
(228,245)(302,471)
crop001541.png
2
(389,337)
(308,298)(448,775)
(490,345)
(450,316)(519,570)
crop001542.png
1
(284,220)
(244,193)(325,469)
crop001543.png
2
(164,150)
(150,137)(182,224)
(306,139)
(289,127)(319,188)
crop001547.png
1
(108,112)
(97,100)(120,147)
crop001548.png
1
(127,116)
(112,104)(139,176)
crop001550.png
2
(458,301)
(414,254)(507,685)
(678,233)
(528,177)(728,597)
crop001551.png
2
(260,285)
(177,208)(313,661)
(525,257)
(453,198)(615,637)
crop001552.png
4
(245,321)
(197,266)(313,646)
(451,289)
(387,248)(522,647)
(587,309)
(510,262)(630,646)
(713,260)
(649,223)(774,648)
crop001553.png
1
(326,230)
(224,180)(370,573)
crop001554.png
1
(246,223)
(207,184)(291,497)
crop001556.png
1
(225,156)
(190,130)(252,326)
crop001557.png
1
(171,275)
(148,257)(197,407)
crop001558.png
2
(336,294)
(308,273)(354,408)
(393,312)
(373,295)(422,431)
crop001559.png
6
(699,202)
(635,150)(773,544)
(549,232)
(516,180)(614,544)
(461,236)
(395,199)(525,559)
(358,225)
(306,184)(419,534)
(234,200)
(177,166)(303,476)
(139,178)
(120,148)(186,379)
crop001560.png
5
(550,269)
(500,240)(621,555)
(328,329)
(300,306)(373,528)
(238,326)
(198,295)(265,530)
(332,322)
(303,302)(373,531)
(792,364)
(730,339)(808,548)
crop001561.png
2
(537,285)
(481,254)(595,575)
(611,381)
(588,353)(657,573)
crop001562.png
2
(91,74)
(68,60)(103,155)
(212,95)
(195,82)(227,161)
crop001563.png
4
(219,196)
(170,163)(260,420)
(316,194)
(279,157)(365,418)
(530,199)
(458,155)(543,428)
(638,183)
(590,146)(670,426)
crop001564.png
2
(230,171)
(178,145)(264,400)
(483,235)
(454,202)(551,454)
crop001565.png
1
(260,175)
(222,147)(304,407)
crop001567.png
1
(124,119)
(95,98)(161,245)
crop001568.png
1
(208,258)
(163,196)(325,707)
crop001569.png
4
(346,230)
(242,179)(445,622)
(242,196)
(154,158)(320,594)
(804,246)
(659,159)(840,685)
(1000,284)
(849,228)(1048,772)
crop001570.png
2
(317,198)
(261,172)(368,437)
(153,208)
(125,184)(193,352)
crop001571.png
6
(260,223)
(222,199)(299,410)
(68,208)
(44,188)(92,318)
(420,224)
(364,202)(456,446)
(484,244)
(447,203)(546,567)
(367,214)
(339,197)(393,372)
(104,205)
(87,190)(118,276)
crop001572.png
1
(86,194)
(65,179)(104,300)
crop001577.png
1
(300,112)
(163,32)(419,863)
crop001578.png
1
(118,105)
(90,90)(128,190)
crop001579.png
1
(144,110)
(93,84)(182,301)
crop001580.png
1
(347,286)
(265,241)(390,779)
crop001581.png
1
(374,261)
(263,184)(454,869)
crop001582.png
1
(367,120)
(231,49)(427,771)
crop001583.png
2
(229,289)
(120,216)(273,832)
(331,317)
(253,258)(434,808)
crop001584.png
2
(395,183)
(297,121)(504,836)
(159,148)
(58,74)(253,827)
crop001589.png
1
(150,280)
(80,222)(235,818)
crop001591.png
2
(334,198)
(215,122)(413,912)
(91,234)
(28,191)(167,573)
crop001592.png
3
(152,214)
(120,192)(187,398)
(451,232)
(421,207)(487,398)
(308,220)
(282,197)(350,392)
crop001594.png
5
(487,227)
(438,186)(541,531)
(345,252)
(315,228)(391,504)
(277,244)
(227,222)(311,502)
(122,208)
(97,182)(149,358)
(49,214)
(16,193)(73,348)
crop001595.png
1
(140,156)
(122,145)(157,240)
crop001596.png
3
(297,283)
(214,237)(336,794)
(396,271)
(313,231)(467,800)
(798,277)
(648,246)(843,702)
crop001597.png
1
(379,281)
(296,230)(460,685)
crop001598.png
1
(362,346)
(315,298)(433,670)
crop001599.png
2
(313,281)
(224,229)(411,814)
(450,318)
(431,296)(478,456)
crop001600.png
1
(213,193)
(170,167)(255,417)
crop001601.png
1
(120,295)
(75,239)(222,773)
crop001603.png
1
(334,394)
(289,356)(411,770)
crop001605.png
1
(211,205)
(179,178)(239,353)
crop001606.png
1
(204,151)
(180,130)(217,280)
crop001608.png
1
(420,360)
(370,320)(452,691)
crop001609.png
4
(287,194)
(255,174)(310,309)
(329,201)
(309,188)(344,310)
(421,122)
(408,112)(434,185)
(526,130)
(511,118)(536,191)
crop001610.png
1
(360,186)
(329,163)(394,358)
crop001611.png
2
(377,395)
(339,362)(428,685)
(288,416)
(254,386)(325,663)
crop001612.png
4
(466,314)
(427,284)(512,584)
(369,307)
(299,272)(412,580)
(605,314)
(569,290)(651,517)
(467,314)
(426,288)(516,583)
crop001613.png
1
(382,220)
(328,190)(431,491)
crop001614.png
8
(597,384)
(557,353)(620,580)
(730,394)
(673,366)(763,639)
(512,382)
(470,354)(533,574)
(419,389)
(377,365)(468,627)
(375,480)
(348,455)(400,634)
(245,361)
(214,343)(275,521)
(782,359)
(767,349)(793,427)
(831,360)
(820,349)(845,428)
crop001615.png
1
(271,297)
(237,270)(337,557)
crop001616.png
12
(926,237)
(905,218)(960,427)
(1029,225)
(1004,208)(1045,330)
(982,236)
(962,219)(997,324)
(871,224)
(857,207)(892,332)
(709,243)
(666,216)(758,539)
(606,234)
(556,197)(650,536)
(442,282)
(407,253)(489,589)
(346,196)
(294,154)(428,576)
(238,233)
(181,187)(288,566)
(541,208)
(505,182)(568,428)
(1077,233)
(1056,219)(1094,336)
(1112,240)
(1094,221)(1127,339)
(1029,225)
(1004,208)(1045,330)
(982,236)
(962,219)(997,324)
(871,224)
(857,207)(892,332)
crop001617.png
1
(366,317)
(320,286)(407,589)
crop001618.png
1
(286,308)
(260,261)(373,708)
crop001619.png
4
(228,359)
(166,321)(266,781)
(416,327)
(359,299)(451,562)
(819,347)
(794,323)(856,536)
(733,347)
(712,316)(763,532)
crop001620.png
8
(497,259)
(474,234)(529,454)
(189,276)
(160,251)(225,470)
(707,256)
(680,235)(730,411)
(657,280)
(629,255)(673,407)
(471,287)
(452,269)(487,399)
(588,277)
(573,261)(606,361)
(109,295)
(92,279)(125,388)
(51,312)
(31,297)(65,394)
crop001621.png
2
(507,161)
(473,134)(539,353)
(244,196)
(211,172)(272,402)
crop001622.png
2
(225,179)
(198,159)(248,301)
(258,187)
(237,169)(286,306)
crop001623.png
3
(695,300)
(612,236)(780,852)
(554,276)
(499,234)(618,688)
(406,324)
(305,257)(497,860)
crop001624.png
2
(226,230)
(180,200)(262,491)
(281,219)
(255,200)(304,382)
crop001625.png
1
(161,133)
(139,120)(180,223)
crop001626.png
2
(259,219)
(222,191)(299,423)
(190,188)
(163,167)(210,289)
crop001627.png
1
(404,286)
(326,225)(459,798)
crop001628.png
1
(180,202)
(126,164)(247,661)
crop001629.png
3
(536,269)
(451,219)(558,691)
(419,263)
(352,225)(469,652)
(677,315)
(640,280)(726,635)
crop001630.png
1
(160,103)
(134,81)(183,207)
crop001632.png
1
(194,166)
(166,144)(226,319)
crop001635.png
5
(465,461)
(417,404)(546,853)
(305,340)
(186,284)(384,852)
(634,292)
(603,270)(659,450)
(691,285)
(666,263)(714,449)
(110,399)
(71,370)(148,623)
crop001636.png
1
(650,317)
(609,283)(699,604)
crop001637.png
3
(399,343)
(350,314)(434,557)
(471,306)
(439,282)(493,453)
(588,318)
(532,278)(643,638)
crop001640.png
1
(394,225)
(286,165)(500,806)
crop001642.png
3
(535,299)
(489,261)(606,691)
(340,276)
(248,219)(391,704)
(1033,318)
(940,270)(1062,700)
crop001643.png
1
(243,170)
(217,148)(278,347)
crop001644.png
1
(193,216)
(149,183)(243,506)
crop001646.png
5
(296,246)
(250,220)(325,431)
(395,236)
(352,208)(430,418)
(464,266)
(430,242)(500,460)
(617,252)
(592,231)(646,420)
(669,265)
(640,243)(695,423)
crop001647.png
2
(272,189)
(253,171)(306,296)
(234,187)
(210,170)(254,300)
crop001648.png
2
(504,274)
(465,247)(555,530)
(275,287)
(245,259)(304,469)
crop001649.png
4
(608,364)
(541,314)(671,760)
(170,344)
(119,315)(223,634)
(482,284)
(465,270)(498,368)
(410,299)
(379,273)(441,448)
crop001650.png
1
(358,192)
(328,173)(389,316)
crop001651.png
3
(565,321)
(497,280)(638,721)
(337,288)
(277,258)(400,614)
(486,319)
(439,289)(523,590)
crop001652.png
1
(150,215)
(64,167)(235,780)
crop001655.png
4
(477,278)
(435,255)(523,512)
(396,293)
(347,270)(431,508)
(247,283)
(217,265)(275,436)
(104,277)
(80,258)(122,392)
crop001656.png
1
(429,199)
(397,180)(457,366)
crop001657.png
2
(406,169)
(371,145)(441,380)
(185,169)
(155,149)(236,373)
crop001662.png
3
(249,238)
(222,221)(271,339)
(126,228)
(98,206)(151,332)
(211,230)
(187,213)(228,337)
crop001663.png
1
(321,199)
(276,167)(361,382)
crop001665.png
1
(274,338)
(200,292)(335,687)
crop001666.png
2
(264,381)
(197,347)(326,692)
(471,395)
(437,357)(555,693)
crop001667.png
1
(345,276)
(169,190)(410,748)
crop001668.png
5
(466,218)
(441,202)(483,327)
(203,171)
(179,153)(226,273)
(419,134)
(397,117)(436,203)
(309,125)
(283,110)(328,197)
(600,111)
(576,89)(624,203)
crop001669.png
2
(367,112)
(347,99)(381,173)
(600,263)
(578,243)(619,332)
crop001671.png
1
(350,363)
(273,296)(458,784)
crop001672.png
1
(314,327)
(255,267)(421,776)
crop001673.png
1
(282,204)
(227,174)(335,479)
crop001674.png
1
(287,275)
(243,204)(407,722)
crop001675.png
1
(256,336)
(213,302)(324,601)
crop001677.png
1
(148,134)
(133,119)(173,221)
crop001678.png
1
(165,110)
(145,93)(182,192)
crop001679.png
5
(908,354)
(818,311)(982,800)
(632,338)
(559,295)(696,687)
(297,301)
(234,271)(362,639)
(208,298)
(168,276)(246,518)
(541,353)
(473,314)(594,641)
crop001680.png
2
(182,212)
(151,185)(212,378)
(256,207)
(230,189)(289,326)
crop001681.png
1
(238,259)
(175,222)(287,609)
crop001685.png
1
(100,123)
(65,95)(147,322)
crop001686.png
1
(89,119)
(73,103)(101,169)
crop001687.png
1
(253,193)
(160,130)(328,749)
crop001689.png
3
(148,216)
(41,154)(204,748)
(229,161)
(152,102)(319,676)
(311,166)
(263,109)(424,650)
crop001690.png
4
(300,251)
(261,216)(353,507)
(390,202)
(351,176)(452,451)
(596,241)
(540,207)(637,485)
(619,46)
(591,22)(668,228)
crop001691.png
3
(265,268)
(197,237)(296,515)
(344,153)
(303,132)(362,353)
(443,72)
(410,45)(486,250)
crop001692.png
2
(122,246)
(51,207)(157,556)
(273,333)
(188,292)(291,649)
crop001693.png
2
(291,203)
(245,178)(310,384)
(362,245)
(320,228)(390,436)
crop001694.png
3
(647,348)
(555,302)(705,765)
(548,269)
(482,225)(593,631)
(356,399)
(267,360)(458,797)
crop001695.png
1
(167,175)
(140,151)(199,344)
crop001696.png
3
(443,219)
(372,181)(493,556)
(734,249)
(685,212)(762,588)
(923,222)
(822,154)(974,692)
crop001697.png
1
(166,252)
(67,198)(265,759)
crop001698.png
1
(292,177)
(238,153)(322,412)
crop001699.png
1
(277,255)
(204,200)(363,754)
crop001700.png
2
(204,312)
(158,274)(250,633)
(302,293)
(244,244)(379,617)
crop001701.png
1
(290,245)
(247,200)(375,648)
crop001702.png
2
(437,262)
(401,233)(465,494)
(351,275)
(310,242)(394,471)
crop001703.png
2
(397,340)
(356,286)(482,752)
(298,338)
(221,295)(342,740)
crop001705.png
2
(389,264)
(347,227)(419,532)
(197,272)
(165,241)(248,528)
crop001707.png
3
(321,230)
(265,195)(372,549)
(442,243)
(400,218)(479,487)
(227,237)
(198,212)(266,471)
crop001708.png
2
(234,262)
(171,201)(322,720)
(147,210)
(105,190)(180,434)
crop001709.png
2
(285,130)
(264,111)(308,213)
(91,115)
(70,96)(122,190)
crop001710.png
3
(181,214)
(150,193)(208,407)
(237,215)
(211,193)(260,352)
(374,204)
(354,190)(387,288)
crop001711.png
7
(335,339)
(295,295)(397,712)
(258,343)
(207,315)(299,610)
(189,296)
(152,278)(232,529)
(63,303)
(26,275)(99,503)
(144,314)
(114,294)(172,501)
(456,327)
(426,297)(500,564)
(575,339)
(525,291)(654,654)
crop001712.png
2
(453,297)
(418,263)(515,600)
(254,397)
(220,359)(335,689)
crop001713.png
1
(145,300)
(62,230)(254,798)
crop001714.png
1
(206,319)
(158,278)(246,683)
crop001717.png
1
(237,143)
(209,120)(274,310)
crop001720.png
3
(196,392)
(164,367)(229,569)
(299,405)
(254,378)(328,577)
(224,404)
(204,388)(247,505)
crop001721.png
1
(111,97)
(93,83)(133,179)
crop001806.png
4
(242,173)
(200,143)(279,424)
(339,191)
(307,165)(364,402)
(162,205)
(125,182)(198,403)
(504,198)
(481,183)(521,319)
crop001807.png
2
(276,176)
(258,156)(302,321)
(244,170)
(219,152)(274,318)
crop001808.png
1
(222,238)
(183,206)(277,534)
crop001809.png
3
(352,228)
(313,199)(380,482)
(307,252)
(258,221)(331,478)
(176,264)
(141,232)(217,490)
crop001810.png
1
(265,298)
(219,259)(301,587)
crop001811.png
1
(197,225)
(138,171)(251,551)
crop001812.png
2
(316,178)
(288,153)(363,366)
(202,210)
(174,188)(219,344)
crop001813.png
1
(151,131)
(131,112)(171,227)
crop001814.png
1
(108,108)
(88,89)(131,201)
crop001815.png
2
(214,143)
(193,127)(233,240)
(171,163)
(153,147)(191,249)
crop001816.png
1
(259,227)
(231,192)(314,487)
crop001817.png
1
(159,151)
(126,131)(180,293)
crop001818.png
1
(92,172)
(61,152)(119,326)
crop001819.png
1
(158,119)
(135,103)(179,204)
crop001820.png
1
(222,192)
(170,155)(246,453)
crop001823.png
1
(117,102)
(94,84)(134,194)
crop001824.png
1
(344,159)
(329,149)(359,231)
crop001829.png
1
(322,179)
(302,161)(341,279)
crop001830.png
1
(223,189)
(191,170)(238,321)
crop001831.png
1
(138,142)
(118,119)(176,258)
crop001832.png
1
(85,102)
(66,84)(103,193)
crop001833.png
1
(139,104)
(118,87)(156,188)
crop001835.png
2
(326,247)
(216,181)(399,780)
(426,201)
(358,136)(517,802)
crop001836.png
4
(513,211)
(463,157)(575,647)
(597,203)
(559,150)(663,669)
(364,179)
(259,126)(366,644)
(428,174)
(365,124)(495,652)
crop001837.png
1
(270,142)
(131,108)(293,389)
crop001838.png
3
(565,157)
(536,133)(594,404)
(253,155)
(229,130)(273,375)
(96,169)
(72,144)(119,368)
crop001839.png
2
(438,165)
(385,134)(487,439)
(83,164)
(43,137)(106,368)
crop001840.png
2
(381,145)
(353,118)(405,338)
(301,138)
(275,108)(322,342)
crop001841.png
1
(457,170)
(426,148)(500,384)
crop001842.png
2
(271,197)
(247,177)(301,315)
(327,216)
(296,194)(345,329)
crop001843.png
1
(469,202)
(443,177)(503,413)
crop_000010.png
1
(341,217)
(194,127)(413,647)
crop_000011.png
1
(225,172)
(146,101)(376,598)
crop_000603.png
1
(142,100)
(85,41)(282,634)
crop_000606.png
2
(207,150)
(164,127)(243,379)
(263,135)
(227,113)(313,356)
crop_000607.png
2
(267,148)
(225,93)(416,638)
(687,128)
(572,64)(774,704)
crop_000608.png
1
(182,143)
(124,125)(248,389)
person_044.png
2
(48,164)
(16,148)(68,282)
(331,150)
(292,115)(381,406)
person_050.png
2
(380,131)
(332,95)(451,418)
(103,121)
(87,109)(119,199)
person_060.png
1
(319,229)
(289,216)(339,345)
person_061.png
1
(252,193)
(210,168)(275,365)
person_086.png
1
(279,182)
(229,148)(331,488)
person_091.png
4
(134,202)
(115,185)(153,286)
(390,201)
(357,179)(409,351)
(238,210)
(187,181)(287,484)
(40,201)
(23,189)(54,283)
person_097.png
2
(310,135)
(267,86)(386,566)
(214,189)
(78,139)(244,570)
person_101.png
2
(400,243)
(375,219)(446,421)
(236,209)
(201,184)(290,481)
person_102.png
2
(232,109)
(162,59)(324,448)
(70,123)
(36,101)(103,277)
person_103.png
1
(244,240)
(220,222)(276,377)
person_106.png
1
(251,287)
(220,270)(281,404)
person_111.png
2
(248,184)
(154,127)(329,591)
(86,169)
(30,143)(125,445)
person_112.png
3
(353,145)
(268,98)(417,635)
(260,182)
(198,133)(299,571)
(98,148)
(11,96)(164,603)
person_114.png
2
(174,102)
(31,32)(244,632)
(314,155)
(240,81)(391,636)
person_117.png
1
(241,194)
(170,153)(333,570)
person_119.png
1
(231,192)
(163,165)(292,504)
person_121.png
2
(209,177)
(189,139)(294,473)
(164,126)
(149,112)(180,218)
person_124.png
1
(287,88)
(253,71)(321,266)
person_125.png
2
(135,147)
(96,99)(218,630)
(321,119)
(275,79)(422,637)
person_126.png
3
(268,137)
(188,102)(348,522)
(94,190)
(63,172)(115,304)
(151,168)
(127,155)(174,300)
person_128.png
3
(230,131)
(184,104)(262,321)
(93,111)
(75,98)(114,200)
(391,164)
(359,145)(429,325)
person_129.png
3
(346,182)
(321,159)(385,360)
(285,197)
(260,165)(311,363)
(195,225)
(169,210)(232,358)
person_130.png
1
(339,125)
(297,84)(394,412)
person_131.png
3
(248,197)
(215,176)(282,384)
(321,191)
(293,172)(360,363)
(403,187)
(383,167)(428,341)
person_133.png
3
(368,177)
(335,152)(400,370)
(120,251)
(93,231)(146,376)
(282,193)
(237,178)(310,371)
person_139.png
5
(530,150)
(500,129)(556,347)
(456,142)
(412,114)(495,347)
(312,149)
(245,117)(349,432)
(222,174)
(156,145)(259,439)
(98,147)
(56,124)(141,377)
person_141.png
1
(292,148)
(248,125)(361,363)
person_142.png
2
(154,234)
(125,204)(209,398)
(306,65)
(266,14)(386,417)
person_143.png
3
(346,94)
(306,64)(388,379)
(270,110)
(231,80)(309,367)
(158,112)
(98,78)(214,378)
person_156.png
2
(377,223)
(336,201)(425,399)
(284,212)
(245,187)(330,424)
person_160.png
3
(282,164)
(218,137)(337,413)
(128,153)
(57,123)(186,434)
(401,143)
(345,125)(454,414)
person_162.png
2
(357,173)
(309,153)(417,424)
(248,181)
(203,155)(298,422)
person_165.png
1
(307,223)
(276,203)(348,362)
person_166.png
2
(371,180)
(345,159)(413,372)
(290,178)
(244,156)(329,382)
person_167.png
2
(351,182)
(304,159)(383,364)
(296,201)
(259,178)(321,359)
person_168.png
2
(275,221)
(246,207)(291,323)
(337,211)
(314,195)(360,324)
person_169.png
2
(335,152)
(278,131)(393,399)
(232,151)
(179,126)(275,408)
person_170.png
2
(465,177)
(431,149)(496,377)
(255,180)
(206,155)(298,391)
person_171.png
2
(337,187)
(296,167)(378,417)
(254,205)
(209,184)(288,397)
person_172.png
3
(422,199)
(375,183)(454,374)
(325,204)
(292,180)(363,376)
(268,202)
(241,184)(290,325)
person_173.png
2
(420,158)
(384,131)(471,425)
(331,167)
(302,136)(390,409)
person_174.png
3
(367,129)
(318,103)(424,371)
(214,208)
(169,184)(241,372)
(460,250)
(427,225)(499,367)
person_175.png
5
(214,172)
(185,151)(243,323)
(588,159)
(548,132)(615,325)
(492,172)
(467,151)(514,301)
(140,159)
(107,142)(165,326)
(386,153)
(356,137)(402,302)
person_176.png
5
(412,134)
(356,103)(477,424)
(288,149)
(243,112)(346,421)
(184,167)
(160,146)(208,265)
(90,154)
(69,139)(114,261)
(40,153)
(19,140)(60,259)
person_177.png
3
(286,155)
(240,126)(310,399)
(370,162)
(331,139)(408,388)
(552,166)
(530,152)(568,283)
person_178.png
3
(428,186)
(362,159)(468,398)
(485,179)
(459,155)(528,416)
(201,164)
(165,134)(256,414)
person_179.png
1
(354,171)
(278,137)(406,431)
person_181.png
2
(423,196)
(371,172)(463,375)
(295,195)
(281,178)(333,384)
person_185.png
3
(428,199)
(389,172)(458,379)
(342,207)
(312,184)(371,393)
(254,226)
(228,201)(278,367)
person_187.png
4
(323,243)
(292,219)(340,415)
(380,253)
(344,232)(405,426)
(440,285)
(406,266)(458,432)
(523,233)
(483,209)(563,401)
person_195.png
4
(360,191)
(321,165)(399,375)
(294,209)
(264,188)(319,376)
(91,203)
(65,172)(115,360)
(58,192)
(24,179)(78,344)
person_196.png
2
(383,107)
(330,74)(448,397)
(253,125)
(196,97)(286,387)
person_199.png
6
(184,210)
(131,185)(215,401)
(257,199)
(213,173)(277,388)
(333,193)
(288,171)(359,396)
(381,203)
(348,182)(402,385)
(555,195)
(523,174)(577,292)
(401,204)
(387,189)(436,348)
person_201.png
1
(340,235)
(309,218)(349,342)
person_202.png
5
(243,130)
(201,110)(276,376)
(458,180)
(431,150)(508,371)
(380,127)
(354,106)(405,269)
(564,124)
(539,108)(594,255)
(294,129)
(275,115)(313,240)
person_203.png
4
(206,208)
(189,198)(223,311)
(489,215)
(468,203)(509,312)
(369,216)
(350,206)(387,310)
(246,213)
(233,200)(261,307)
person_208.png
2
(346,145)
(298,106)(418,446)
(443,107)
(421,91)(466,235)
person_209.png
2
(274,167)
(224,148)(311,385)
(372,177)
(321,146)(413,476)
person_211.png
1
(435,193)
(397,160)(469,413)
person_214.png
2
(434,170)
(395,133)(492,435)
(240,158)
(183,129)(273,431)
person_219.png
3
(421,159)
(360,129)(469,435)
(332,215)
(296,187)(373,425)
(140,172)
(106,154)(158,311)
person_220.png
2
(262,138)
(233,117)(279,269)
(336,135)
(307,117)(366,262)
person_221.png
1
(356,171)
(322,141)(407,357)
person_223.png
2
(273,104)
(199,60)(346,438)
(412,99)
(350,60)(486,406)
person_224.png
4
(284,140)
(237,111)(319,438)
(350,167)
(318,139)(382,394)
(423,145)
(367,125)(472,410)
(518,191)
(471,169)(551,390)
person_225.png
3
(270,101)
(211,61)(327,432)
(461,109)
(403,59)(522,441)
(120,42)
(59,17)(180,355)
person_228.png
3
(277,132)
(229,103)(309,403)
(353,139)
(290,104)(397,436)
(166,116)
(133,98)(178,206)
person_229.png
3
(400,134)
(353,87)(473,477)
(308,137)
(222,91)(334,477)
(341,113)
(324,100)(363,241)
person_231.png
3
(384,133)
(355,97)(461,452)
(308,97)
(261,61)(375,471)
(174,146)
(116,105)(205,433)
person_232.png
3
(301,61)
(194,13)(358,452)
(415,106)
(363,68)(476,457)
(78,96)
(42,78)(103,234)
person_233.png
2
(220,190)
(171,165)(270,412)
(471,184)
(427,165)(500,402)
person_234.png
3
(267,192)
(236,170)(301,361)
(369,186)
(332,161)(409,358)
(148,185)
(115,166)(176,329)
person_235.png
2
(263,143)
(190,116)(326,447)
(429,110)
(356,72)(490,425)
person_237.png
4
(348,150)
(312,123)(403,407)
(268,183)
(224,140)(322,407)
(518,138)
(503,129)(535,223)
(472,147)
(453,138)(487,226)
person_238.png
2
(391,125)
(336,93)(462,423)
(233,166)
(190,123)(283,415)
person_239.png
2
(329,115)
(276,84)(388,429)
(269,115)
(205,81)(293,441)
person_240.png
2
(261,131)
(204,102)(337,461)
(368,113)
(319,78)(444,446)
person_241.png
2
(265,125)
(216,87)(332,423)
(412,132)
(359,95)(459,420)
person_242.png
2
(323,138)
(233,93)(357,443)
(429,84)
(365,50)(484,437)
person_243.png
2
(169,161)
(118,139)(200,423)
(221,161)
(177,134)(271,421)
person_244.png
2
(258,144)
(220,110)(301,407)
(357,92)
(297,64)(425,444)
person_245.png
2
(228,104)
(107,55)(256,434)
(287,213)
(236,177)(332,425)
person_252.png
2
(435,157)
(391,137)(481,430)
(257,191)
(214,171)(293,425)
person_253.png
5
(386,175)
(332,144)(457,437)
(180,144)
(139,121)(207,358)
(281,158)
(254,134)(322,343)
(236,199)
(206,178)(267,364)
(101,150)
(83,139)(118,236)
person_254.png
3
(300,158)
(274,129)(351,367)
(257,133)
(208,110)(290,386)
(429,218)
(390,185)(452,378)
person_256.png
1
(390,139)
(321,100)(443,432)
person_257.png
2
(377,202)
(353,186)(407,358)
(295,203)
(273,188)(330,360)
person_258.png
1
(393,187)
(369,172)(424,324)
person_259.png
4
(359,187)
(338,172)(392,336)
(303,197)
(267,170)(329,336)
(206,196)
(183,179)(222,329)
(257,201)
(228,183)(278,328)
person_260.png
2
(364,195)
(336,180)(388,311)
(311,216)
(287,192)(335,315)
person_266.png
2
(169,107)
(99,66)(239,462)
(585,118)
(549,96)(603,307)
person_269.png
4
(213,105)
(149,65)(272,461)
(332,89)
(262,60)(372,425)
(411,113)
(364,75)(463,441)
(514,115)
(443,79)(591,477)
person_270.png
2
(393,127)
(345,91)(462,475)
(268,112)
(214,67)(328,475)
person_273.png
3
(513,192)
(483,172)(537,322)
(556,197)
(528,176)(582,315)
(352,226)
(302,195)(367,470)
person_274.png
2
(331,169)
(292,145)(360,378)
(523,159)
(435,122)(584,477)
person_275.png
1
(307,198)
(269,184)(346,399)
person_279.png
4
(489,220)
(468,203)(523,365)
(294,251)
(266,226)(323,401)
(216,202)
(192,179)(245,326)
(155,200)
(124,186)(172,306)
person_281.png
2
(337,161)
(291,138)(382,396)
(215,158)
(197,141)(251,322)
person_283.png
1
(363,165)
(268,123)(452,466)
person_284.png
2
(305,167)
(237,144)(367,369)
(584,132)
(560,118)(604,222)
person_285.png
1
(302,199)
(268,171)(348,370)
person_286.png
2
(389,142)
(368,130)(422,268)
(227,142)
(195,113)(313,408)
person_287.png
2
(313,173)
(257,150)(354,402)
(464,155)
(448,140)(500,319)
person_288.png
2
(233,185)
(196,154)(268,423)
(312,165)
(263,144)(353,413)
person_289.png
2
(360,195)
(334,174)(397,419)
(315,191)
(269,165)(343,440)
person_291.png
2
(295,174)
(226,144)(346,475)
(378,174)
(333,146)(431,477)
person_292.png
2
(322,192)
(273,164)(377,426)
(265,182)
(249,165)(293,330)
person_294.png
1
(317,191)
(272,171)(366,410)
person_295.png
1
(303,172)
(251,139)(339,398)
person_296.png
1
(281,153)
(227,123)(318,450)
person_297.png
4
(352,180)
(317,154)(390,419)
(293,187)
(270,160)(339,393)
(243,175)
(203,150)(273,403)
(29,195)
(3,180)(55,310)
person_298.png
2
(307,178)
(249,155)(333,426)
(380,248)
(341,224)(410,399)
person_299.png
2
(257,152)
(192,123)(284,464)
(363,242)
(313,215)(391,431)
person_300.png
2
(290,130)
(252,106)(378,402)
(359,84)
(338,70)(375,187)
person_301.png
1
(302,180)
(274,156)(341,410)
person_302.png
2
(394,185)
(334,161)(442,443)
(266,194)
(209,158)(310,465)
person_304.png
3
(351,135)
(300,85)(413,459)
(86,102)
(56,73)(163,317)
(150,88)
(131,68)(198,290)
person_305.png
2
(310,199)
(278,179)(340,351)
(218,219)
(169,188)(258,435)
person_319.png
4
(314,212)
(280,188)(352,388)
(195,181)
(168,161)(214,337)
(580,185)
(564,171)(597,278)
(617,183)
(594,168)(634,270)
person_320.png
3
(375,172)
(324,145)(456,475)
(300,149)
(263,123)(360,429)
(497,142)
(477,127)(515,227)
person_321.png
2
(401,184)
(383,169)(422,277)
(450,178)
(435,165)(477,283)
person_324.png
2
(409,183)
(376,162)(436,305)
(458,186)
(425,162)(485,313)
person_327.png
1
(257,137)
(218,109)(281,330)
person_328.png
1
(112,239)
(94,227)(136,350)
person_329.png
1
(460,136)
(430,117)(503,324)
person_331.png
3
(322,169)
(294,143)(353,326)
(419,158)
(391,142)(448,281)
(212,109)
(154,65)(286,471)
person_333.png
4
(246,189)
(217,168)(283,334)
(327,188)
(297,173)(353,285)
(208,209)
(177,190)(237,333)
(388,182)
(367,170)(413,280)
person_334.png
3
(333,117)
(281,82)(398,473)
(247,127)
(160,88)(297,470)
(413,156)
(389,126)(450,403)
person_339.png
3
(95,170)
(52,153)(156,422)
(192,162)
(177,150)(233,305)
(227,156)
(205,141)(263,289)
person_340.png
2
(350,148)
(276,117)(415,417)
(245,143)
(168,120)(280,418)
person_341.png
2
(317,93)
(237,62)(364,439)
(227,123)
(167,101)(263,373)
person_342.png
1
(270,215)
(219,187)(308,412)
person_343.png
1
(230,205)
(203,189)(274,362)
person_344.png
1
(110,105)
(73,77)(163,366)
person_346.png
1
(271,187)
(209,160)(301,409)
person_348.png
4
(259,170)
(230,153)(287,312)
(92,172)
(67,152)(117,314)
(342,181)
(321,165)(375,325)
(148,182)
(133,169)(173,283)
person_349.png
3
(528,123)
(455,92)(585,475)
(374,127)
(339,103)(432,463)
(74,150)
(38,130)(122,384)
person_356.png
1
(224,155)
(161,120)(289,589)
person_357.png
2
(379,202)
(347,184)(401,375)
(427,225)
(398,201)(468,388)
person_358.png
1
(281,238)
(245,220)(310,357)
person_376.png
3
(233,203)
(201,186)(261,332)
(301,210)
(277,194)(326,328)
(395,195)
(374,181)(420,300)
person_377.png
5
(353,208)
(326,193)(389,359)
(463,209)
(448,194)(483,304)
(45,226)
(24,213)(69,330)
(80,222)
(63,207)(100,327)
(425,215)
(408,201)(444,308)
person_378.png
8
(96,246)
(77,230)(117,357)
(136,239)
(114,220)(155,357)
(310,245)
(285,229)(328,341)
(370,250)
(350,235)(390,335)
(476,241)
(452,227)(491,323)
(206,240)
(182,230)(227,328)
(21,235)
(8,218)(48,353)
(506,237)
(492,227)(531,319)
person_387.png
2
(253,181)
(224,152)(305,425)
(313,194)
(289,170)(345,404)
person_395.png
3
(173,177)
(150,165)(198,318)
(236,194)
(206,173)(262,323)
(341,212)
(324,202)(359,287)
person_414.png
3
(312,145)
(274,121)(337,307)
(143,143)
(105,119)(167,303)
(504,124)
(481,108)(522,225)
person_425.png
3
(86,94)
(66,75)(111,239)
(196,101)
(177,79)(219,199)
(146,101)
(125,90)(165,196)
person_and_bike_002.png
2
(225,137)
(169,93)(291,421)
(47,131)
(25,118)(67,243)
person_and_bike_003.png
1
(232,182)
(184,159)(301,474)
person_and_bike_005.png
1
(200,209)
(175,192)(231,356)
person_and_bike_007.png
1
(288,84)
(248,44)(359,407)
person_and_bike_008.png
2
(257,177)
(228,162)(288,372)
(335,188)
(290,156)(373,387)
person_and_bike_009.png
1
(346,192)
(311,176)(394,366)
person_and_bike_010.png
2
(327,141)
(264,107)(379,352)
(578,108)
(558,94)(599,196)
person_and_bike_011.png
3
(358,201)
(337,185)(384,297)
(416,200)
(398,187)(431,281)
(304,205)
(284,191)(323,296)
person_and_bike_013.png
3
(66,166)
(37,144)(96,373)
(320,147)
(284,131)(340,312)
(588,187)
(527,152)(619,471)
person_and_bike_015.png
1
(376,147)
(346,116)(420,363)
person_and_bike_016.png
4
(115,181)
(93,164)(143,310)
(46,177)
(23,165)(59,289)
(325,168)
(298,145)(360,334)
(81,180)
(60,160)(103,286)
person_and_bike_017.png
1
(301,200)
(281,185)(321,301)
person_and_bike_019.png
1
(280,75)
(247,38)(401,414)
person_and_bike_020.png
3
(400,214)
(370,198)(446,401)
(336,187)
(302,174)(347,322)
(362,199)
(347,181)(382,314)
person_and_bike_021.png
1
(325,184)
(278,166)(367,372)
person_and_bike_022.png
1
(334,206)
(295,186)(380,387)
person_and_bike_023.png
1
(345,160)
(296,138)(399,396)
person_and_bike_026.png
2
(596,189)
(571,172)(622,306)
(386,198)
(346,169)(421,423)
person_and_bike_030.png
2
(363,157)
(329,131)(436,394)
(266,172)
(249,156)(310,296)
person_and_bike_031.png
1
(345,188)
(304,165)(390,329)
person_and_bike_033.png
1
(507,135)
(482,110)(557,265)
person_and_bike_034.png
1
(330,192)
(296,173)(359,327)
person_and_bike_036.png
1
(378,195)
(355,179)(393,297)
person_and_bike_039.png
2
(286,126)
(240,99)(323,390)
(219,124)
(176,100)(249,376)
person_and_bike_040.png
3
(440,155)
(413,141)(452,269)
(563,167)
(540,149)(576,283)
(497,179)
(482,165)(514,281)
person_and_bike_074.png
1
(345,151)
(314,124)(357,294)
person_and_bike_075.png
1
(267,112)
(203,73)(315,420)
person_and_bike_078.png
1
(334,97)
(267,58)(400,344)
person_and_bike_117.png
2
(253,154)
(150,104)(321,571)
(114,139)
(96,123)(133,213)
person_and_bike_118.png
1
(190,117)
(121,63)(298,631)
person_and_bike_119.png
1
(274,136)
(238,99)(353,446)
person_and_bike_120.png
3
(171,164)
(127,138)(198,391)
(425,163)
(390,133)(453,421)
(102,169)
(83,154)(121,283)
person_and_bike_121.png
2
(339,128)
(291,104)(366,344)
(420,144)
(387,121)(454,364)
person_and_bike_123.png
1
(358,179)
(326,167)(398,343)
person_and_bike_124.png
2
(311,178)
(280,165)(344,327)
(38,191)
(17,176)(56,289)
person_and_bike_125.png
4
(229,150)
(196,128)(267,336)
(364,160)
(330,146)(382,288)
(514,160)
(458,132)(549,408)
(99,161)
(79,145)(117,255)
person_and_bike_127.png
2
(363,109)
(322,67)(432,419)
(293,241)
(253,223)(335,429)
person_and_bike_128.png
2
(288,234)
(254,216)(328,394)
(375,156)
(349,123)(439,382)
person_and_bike_129.png
6
(230,212)
(202,191)(252,347)
(505,201)
(479,185)(534,334)
(424,207)
(409,192)(442,308)
(311,208)
(287,189)(327,304)
(149,209)
(131,196)(174,322)
(363,204)
(349,191)(377,261)
person_and_bike_130.png
2
(306,201)
(280,183)(334,323)
(373,200)
(347,184)(405,332)
person_and_bike_132.png
4
(431,188)
(388,167)(487,403)
(301,213)
(281,194)(328,389)
(337,221)
(315,198)(364,380)
(206,197)
(186,177)(221,293)
person_and_bike_134.png
5
(302,149)
(247,121)(337,421)
(369,143)
(336,108)(416,413)
(149,153)
(112,125)(197,380)
(534,138)
(509,125)(553,244)
(446,158)
(432,143)(465,243)
person_and_bike_135.png
4
(325,142)
(281,117)(353,366)
(262,153)
(212,122)(280,375)
(425,190)
(400,166)(452,375)
(499,135)
(483,120)(521,227)
person_and_bike_137.png
6
(373,157)
(340,125)(421,414)
(307,180)
(243,155)(344,414)
(593,168)
(568,148)(613,289)
(106,179)
(83,157)(120,301)
(188,163)
(171,144)(214,271)
(135,169)
(115,156)(153,271)
person_and_bike_138.png
2
(352,191)
(322,171)(388,342)
(461,172)
(448,160)(478,235)
person_and_bike_139.png
2
(312,175)
(257,136)(364,410)
(236,226)
(223,208)(255,311)
person_and_bike_142.png
3
(328,111)
(269,79)(372,462)
(410,109)
(374,80)(465,452)
(112,146)
(84,127)(128,307)
person_and_bike_143.png
2
(573,190)
(539,173)(602,353)
(304,194)
(273,174)(320,301)
person_and_bike_146.png
2
(295,147)
(240,111)(328,429)
(359,275)
(321,246)(391,425)
person_and_bike_147.png
3
(326,168)
(284,146)(374,423)
(220,181)
(172,157)(242,411)
(105,159)
(84,144)(129,259)
person_and_bike_148.png
5
(223,163)
(152,134)(290,469)
(409,146)
(366,123)(452,401)
(530,139)
(494,118)(556,322)
(580,131)
(555,115)(607,262)
(320,136)
(307,122)(344,223)
person_and_bike_150.png
3
(270,177)
(237,167)(307,362)
(398,205)
(369,190)(429,345)
(353,190)
(315,171)(382,367)
person_and_bike_151.png
2
(358,136)
(323,117)(398,344)
(193,136)
(169,119)(249,295)
person_and_bike_152.png
2
(256,154)
(224,132)(280,311)
(192,126)
(164,107)(218,257)
person_and_bike_155.png
1
(313,83)
(208,37)(466,473)
person_and_bike_156.png
1
(403,141)
(368,119)(442,325)
person_and_bike_157.png
1
(387,94)
(320,76)(451,396)
person_and_bike_166.png
1
(368,131)
(332,104)(449,385)
person_and_bike_191.png
1
(327,169)
(281,146)(369,431)
person_and_bike_207.png
1
(351,136)
(302,114)(392,314)
person_and_bike_208.png
1
(366,137)
(247,104)(411,388)
person_and_bike_209.png
1
(384,132)
(336,112)(418,316)
